examples/Data/Jakobshavn_2008_2011_Composite/grids/jakobshavn_2008_2011_composite_bottom.txt
ncols         740
nrows         360
xllcorner     -230000
yllcorner     -2350000
cellsize      500
NODATA_value  -9999
[rows 270 to 296 of 360, columns 434 to 495 of 740]
48.3406 57.98077 65.82018 72.63985 78.89253 84.78671 90.22558 94.64629 96.81741 94.77638 86.84837 76.25389 72.15723 72.49198 73.10371 62.37995 40.90776 8.899214 -28.63716 -67.64153 -105.3822 -141.2878 -174.6393 -205.1314 -232.6623 -257.102 -278.0948 -294.8059 -305.3794 -309.4844 -307.9079 -302.742 -294.9706 -284.9663 -272.7826 -258.0861 -240.3993 -219.9232 -201.272 -185.6549 -173.7824 -162.5643 -152.6801 -144.817 -139.2266 -135.8792 -134.6358 -135.3535 -137.9415 -142.387 -148.765 -157.2338 -168.0114 -181.3147 -197.2311 -215.4843 -235.1189 -254.6721 -277.1343 -301.4316 -326.9897 -349.1417
62.19381 65.86194 69.69461 73.66552 77.77691 82.00296 86.19032 89.97466 92.77012 93.99967 93.93388 95.18271 101.2496 105.081 99.84367 79.32912 48.69784 12.34591 -26.73007 -65.5492 -102.7786 -137.2416 -169.2323 -198.8918 -226.1129 -250.5493 -271.5063 -287.6788 -296.6107 -297.971 -292.8868 -284.1077 -272.7497 -259.1819 -243.4588 -225.5379 -205.6265 -184.8873 -167.3636 -154.4467 -146.1213 -139.4733 -134.0668 -130.0145 -127.4604 -126.4814 -127.1095 -129.375 -133.3459 -139.1552 -147.0204 -157.2493 -170.2283 -186.3733 -206.0192 -229.223 -255.4879 -283.4248 -309.2208 -331.4636 -349.5153 -364.9551
71.10811 71.71727 72.64008 74.1343 76.24227 78.93439 82.1275 85.70377 89.59228 93.98125 99.65667 107.9887 118.8668 125.7063 118.3307 93.06974 54.46317 11.81347 -30.06392 -68.52581 -103.3796 -135.4765 -165.7977 -194.5313 -221.3734 -245.6797 -266.3414 -281.4398 -288.2301 -286.5461 -278.0438 -265.8267 -251.0887 -234.2265 -215.3962 -194.912 -173.7466 -154.044 -137.7961 -126.5748 -119.7983 -116.3119 -114.5576 -113.8943 -114.1909 -115.5055 -117.9561 -121.6915 -126.9015 -133.84 -142.8502 -154.3843 -169.0116 -187.3937 -210.1919 -237.8345 -269.9888 -304.3065 -332.7341 -352.8404 -364.2277 -372.5446
75.34669 74.91974 73.96889 73.46949 73.80894 75.10111 77.3748 80.6944 85.27589 91.62097 100.5701 112.8637 127.2945 136.3791 128.5519 100.1334 55.90056 6.751371 -37.77345 -74.99534 -105.3994 -134.4542 -163.1641 -191.2061 -217.8439 -242.0762 -262.3739 -275.9125 -280.1122 -275.1184 -263.4752 -248.2104 -230.4821 -210.6669 -188.9272 -165.625 -141.8078 -119.8448 -103.5598 -94.59956 -92.04275 -92.69289 -94.64654 -97.15698 -100.0677 -103.4705 -107.552 -112.5433 -118.7188 -126.4167 -136.0689 -148.2349 -163.6288 -183.1198 -207.6477 -237.9138 -273.5172 -310.9196 -340.1809 -357.7794 -364.0541 -366.6488
78.38902 76.66109 73.7925 71.40273 70.09533 70.04438 71.3164 74.03809 78.50256 85.23546 94.93934 108.0562 123.3669 134.1494 127.9305 100.722 56.10985 5.773189 -38.89861 -75.08109 -103.4571 -131.4445 -159.9067 -188.103 -214.9643 -239.1909 -258.8546 -270.4038 -271.7664 -263.5854 -249.2393 -231.4413 -211.2271 -188.9126 -164.6005 -138.5367 -111.5122 -85.74238 -68.72304 -62.11491 -64.80721 -69.78585 -75.20441 -80.52637 -85.69921 -90.87517 -96.29217 -102.2299 -109.0066 -116.9982 -126.6713 -138.6249 -153.6343 -172.6783 -196.8945 -227.3118 -263.9804 -303.5478 -332.365 -346.7198 -347.2867 -345.956
83.85862 77.67682 71.98878 67.62086 64.7708 63.42709 63.57301 65.28574 68.78487 74.4318 82.617 93.38628 105.5486 114.9268 111.9676 92.23057 56.34568 12.71159 -28.59025 -64.50052 -94.8735 -125.1007 -155.4035 -184.9194 -212.5436 -236.8391 -255.5582 -264.7245 -263.1118 -252.0055 -235.4675 -215.6943 -193.5688 -169.3477 -143.1298 -115.2516 -86.83705 -60.86449 -44.01793 -38.36891 -42.2889 -49.48086 -57.26162 -64.71024 -71.64697 -78.19218 -84.58332 -91.10567 -98.07703 -105.86 -114.8909 -125.7206 -139.0633 -155.8398 -177.1695 -204.1673 -237.1267 -272.9876 -298.9621 -311.4465 -311.8596 -311.6118
83.67721 74.78042 67.24944 61.53985 57.54269 55.08276 54.05453 54.45355 56.37164 59.95339 65.27198 72.0578 79.24886 84.62787 86.2004 77.77036 57.73644 26.8211 -8.642325 -45.16379 -81.44551 -116.6874 -150.4519 -182.127 -210.8607 -235.2151 -252.6025 -259.1552 -254.4818 -240.7698 -222.3813 -201.135 -177.6771 -152.1615 -124.6745 -95.63123 -66.34378 -39.99412 -23.25787 -18.22773 -23.20599 -31.85327 -41.22931 -50.16989 -58.35699 -65.84317 -72.82908 -79.5693 -86.34145 -93.44716 -101.2302 -110.1057 -120.5979 -133.3799 -149.2945 -169.284 -193.9855 -222.1053 -243.6131 -256.4032 -261.0981 -266.7094
74.73531 66.15614 58.76701 52.87619 48.36306 45.08138 42.93757 41.89127 41.9356 43.0576 45.16654 48.00202 51.16407 54.84749 62.9105 65.28082 58.64576 37.35587 7.414445 -29.11011 -69.91815 -109.8655 -147.0354 -180.7654 -210.4239 -234.5713 -249.8544 -253.2592 -245.3066 -229.5489 -209.9193 -187.8192 -163.649 -137.4473 -109.2593 -79.51118 -49.58283 -22.80521 -6.018575 -1.406313 -7.192831 -16.86631 -27.30109 -37.20506 -46.17195 -54.19274 -61.41733 -68.04641 -74.28867 -80.34989 -86.43642 -92.76537 -99.57706 -107.1471 -115.7918 -125.8502 -137.5937 -150.9966 -165.9594 -181.9411 -198.4689 -214.8958
56.8233 52.14517 46.98648 42.03599 37.58041 33.75113 30.59732 28.1125 26.24505 24.90125 23.9565 23.32617 23.24666 25.23198 35.75674 44.25607 47.42739 37.04037 14.16027 -20.70895 -64.95841 -108.0197 -147.198 -181.8649 -211.4872 -234.46 -246.5616 -246.2606 -235.1401 -218.1262 -198.0562 -175.809 -151.5751 -125.301 -96.96935 -66.94187 -36.51189 -8.892902 8.169005 12.5059 5.788426 -4.605696 -15.64185 -26.03878 -35.35887 -43.54913 -50.706 -56.9637 -62.4458 -67.24523 -71.41439 -74.95608 -77.8112 -79.84496 -80.84839 -80.62125 -79.35898 -79.04565 -87.90179 -107.3627 -135.2666 -162.8301
35.4437 36.00886 33.81588 30.14778 25.90351 21.6085 17.5101 13.66351 9.993823 6.349938 2.590971 -1.209787 -4.29016 -4.382945 1.814107 9.267838 15.38576 14.27916 -0.2212658 -29.97534 -71.87231 -113.9913 -152.4642 -186.145 -214.2263 -234.7425 -242.4321 -238.0271 -224.0504 -206.7587 -187.0197 -165.2628 -141.5715 -115.8411 -87.98209 -58.28057 -28.10509 -1.09705 16.03578 20.72907 14.84661 4.629772 -6.42482 -16.83889 -26.11466 -34.15659 -41.00394 -46.71661 -51.32674 -54.81488 -57.09152 -57.97621 -57.17287 -54.25093 -48.6709 -39.98149 -28.57479 -18.11208 -22.4335 -44.3983 -80.57661 -116.6766
17.8196 22.19244 21.76081 18.59528 14.13328 9.190169 4.135729 -0.9592156 -6.224278 -11.91631 -18.33417 -25.66883 -33.72969 -41.55385 -47.04488 -44.76315 -35.91822 -26.01842 -31.19814 -53.78144 -89.95956 -127.8375 -162.9778 -193.6274 -218.5013 -235.3072 -238.6656 -230.5281 -214.2858 -196.5745 -177.3189 -156.3844 -133.7118 -109.1219 -82.36899 -53.41554 -23.14923 5.059048 23.00659 27.86405 21.37057 11.09195 0.3342103 -9.67558 -18.5459 -26.17711 -32.54839 -37.63649 -41.38102 -43.66251 -44.28144 -42.93495 -39.19653 -32.51776 -22.30699 -8.227242 8.913267 24.60712 22.69474 -0.1494256 -40.08012 -80.53697
11.77018 14.50933 12.68216 8.314079 2.783175 -3.156485 -9.203176 -15.36842 -21.8863 -29.15337 -37.67512 -47.98799 -60.50054 -75.06691 -89.41019 -92.34704 -84.1556 -70.80341 -71.01813 -87.42797 -116.0293 -147.6656 -177.6059 -203.5379 -223.6281 -235.3329 -234.4197 -223.3381 -205.9224 -187.9192 -169.1096 -149.1433 -127.8673 -105.0539 -80.30778 -53.15833 -23.6057 5.861127 24.85768 30.38526 23.64645 14.13765 4.479969 -4.544401 -12.64646 -19.66867 -25.48495 -29.96579 -32.95629 -34.25489 -33.59106 -30.60568 -24.84564 -15.80342 -3.074366 13.20764 31.33348 45.84375 43.945 22.15459 -15.46859 -55.72418
16.21561 12.43641 6.291508 -0.8587281 -8.223577 -15.42944 -22.41463 -29.35688 -36.6238 -44.7372 -54.33733 -66.11605 -80.63286 -97.74921 -114.8282 -121.0255 -116.4672 -106.4586 -107.3436 -121.1716 -144.5596 -170.2535 -194.1983 -214.2147 -228.0306 -233.5809 -228.7428 -215.8761 -198.4298 -180.3376 -162.0109 -143.1147 -123.5085 -103.0541 -81.41644 -57.98757 -32.06499 -5.223567 13.86317 21.95336 19.27237 13.31254 6.205166 -1.157559 -8.216421 -14.55728 -19.85748 -23.84921 -26.28406 -26.89984 -25.39285 -21.40075 -14.50933 -4.316194 9.374849 26.08008 43.6416 56.53296 54.16692 33.42059 -1.805315 -40.44904
23.62997 11.72976 0.3362653 -10.11836 -19.5349 -27.9769 -35.65872 -42.94177 -50.3216 -58.40702 -67.88411 -79.4306 -93.48516 -109.656 -125.4211 -134.2896 -135.5887 -132.8352 -137.7356 -151.8515 -172.4792 -192.682 -209.9096 -222.7534 -229.2989 -228.3823 -220.0962 -206.5075 -190.0516 -172.7883 -155.2919 -137.5578 -119.6297 -101.6435 -83.59602 -65.23525 -45.3312 -24.55745 -6.17897 6.089499 11.06045 10.65011 6.851067 1.296815 -4.812894 -10.64443 -15.62578 -19.34867 -21.49076 -21.75906 -19.85263 -15.44506 -8.194981 2.191873 15.79417 32.07928 49.03487 61.45672 58.81081 38.32408 3.98351 -33.0672
23.39923 7.04115 -7.968776 -21.0026 -32.05524 -41.35811 -49.28925 -56.34657 -63.12572 -70.2912 -78.5359 -88.50648 -100.632 -114.7518 -129.502 -142.0209 -150.8047 -157.9213 -168.197 -182.8142 -198.3697 -211.5467 -220.6534 -225.7216 -225.2919 -219.5428 -209.2633 -195.9488 -180.81 -164.8343 -148.4427 -131.7775 -115.0353 -98.57505 -82.75013 -67.83653 -52.94638 -37.54507 -20.10912 -4.331052 6.813345 10.41628 8.647967 3.944139 -1.898749 -7.704093 -12.72693 -16.48317 -18.62846 -18.88109 -16.97872 -12.66317 -5.694596 4.095339 16.68884 31.65115 47.59684 60.55161 57.47446 36.61996 1.784522 -33.18623
14.55389 -3.137817 -19.96742 -34.56056 -46.57476 -56.16621 -63.75809 -69.93383 -75.36771 -80.76409 -86.8082 -94.12988 -103.2609 -114.5531 -128.0452 -143.2743 -158.4656 -175.8045 -191.5298 -205.6848 -213.6447 -218.7709 -220.6337 -219.64 -214.9044 -207.0261 -196.7369 -184.6028 -171.1134 -156.6664 -141.4568 -125.576 -109.1825 -92.60558 -76.26383 -60.66874 -45.39036 -29.66501 -12.27572 3.30521 13.66528 16.23965 13.3196 7.544286 0.8218305 -5.652305 -11.16446 -15.28094 -17.71328 -18.23979 -16.66828 -12.83237 -6.621774 1.94462 12.58821 24.55773 36.24546 44.13017 38.31456 18.45895 -11.5735 -40.88171
1.161346 -17.5654 -35.68559 -51.26054 -63.6571 -72.93463 -79.53613 -84.12694 -87.47188 -90.31845 -93.31669 -97.01297 -101.9231 -108.6749 -118.1771 -131.4764 -147.469 -171.6548 -191.9324 -207.0519 -209.2266 -209.2085 -207.4681 -204.3254 -198.9361 -191.797 -183.0853 -172.9371 -161.4737 -148.7673 -134.7914 -119.4505 -102.6563 -84.39523 -64.76589 -44.10318 -22.96691 -2.179618 15.96944 27.89238 31.62 28.10839 20.67835 11.8338 3.096495 -4.690526 -11.07795 -15.81882 -18.75695 -19.7704 -18.75308 -15.62914 -10.4064 -3.28895 5.11698 13.46509 19.22321 18.52026 8.47451 -9.462185 -31.10914 -52.5039
-13.28572 -35.05066 -54.95575 -71.35697 -83.71574 -92.11403 -97.05442 -99.33177 -99.86826 -99.49599 -98.79458 -98.08195 -97.55339 -97.53298 -98.81447 -102.9228 -111.3859 -134.1871 -156.8728 -175.7814 -179.8134 -181.6966 -182.5175 -181.892 -179.322 -174.9864 -169.0315 -161.5311 -152.4845 -141.7968 -129.2531 -114.5186 -97.16 -76.67982 -52.59062 -24.64463 6.599987 38.11109 58.83411 64.57896 55.90281 42.54065 28.46345 15.40902 4.074514 -5.319593 -12.74448 -18.22485 -21.77866 -23.39813 -23.05551 -20.73165 -16.47801 -10.53922 -3.584204 2.898496 6.103402 2.115817 -9.169018 -25.65821 -43.12109 -60.37591
-31.86281 -56.59247 -78.1078 -95.05009 -106.9994 -114.011 -116.625 -115.8365 -112.8801 -108.7991 -104.0988 -98.71982 -92.23769 -84.14561 -74.23755 -63.31543 -54.49405 -64.55405 -86.09782 -114.2914 -131.4263 -143.4618 -151.6458 -156.5006 -158.4376 -157.9588 -155.4286 -151.0292 -144.7668 -136.4718 -125.7868 -112.1539 -94.80891 -72.79692 -45.07873 -10.92145 28.94828 69.22696 92.5152 93.46452 74.906 52.93977 32.91013 16.12572 2.550364 -8.196648 -16.49686 -22.63511 -26.78923 -29.04753 -29.43389 -27.93858 -24.56279 -19.39677 -12.77107 -5.550563 0.3374498 1.248688 -7.001475 -23.26754 -43.29693 -61.9904
-57.25418 -82.54954 -104.7763 -121.8697 -133.24 -138.5856 -138.3011 -133.6633 -126.5477 -118.5086 -110.0327 -100.5722 -88.94282 -73.66706 -53.27121 -27.17238 0.8162644 8.138515 -9.474272 -46.72897 -79.96857 -104.208 -120.8233 -131.7355 -138.4418 -142.004 -143.0859 -142.0202 -138.8636 -133.4198 -125.2385 -113.6002 -97.50168 -75.6689 -46.68609 -9.484057 35.20826 80.99898 106.1509 104.6344 80.35343 53.67247 30.56682 11.99506 -2.565485 -13.87969 -22.58342 -29.11693 -33.74955 -36.62075 -37.77437 -37.18176 -34.75557 -30.35921 -23.82456 -15.02768 -4.24679 6.144905 3.578595 -12.39376 -38.32779 -61.0075
-83.14383 -109.0708 -132.1111 -149.496 -160.9138 -165.0679 -161.6718 -152.367 -140.3809 -128.4185 -117.0178 -104.9792 -90.37709 -71.16228 -45.42175 -12.38002 23.71313 41.38929 30.31312 -5.492068 -43.87011 -73.89619 -95.47276 -110.5753 -121.0229 -128.099 -132.5931 -134.9062 -135.1227 -133.037 -128.1507 -119.6608 -106.4537 -87.12947 -60.14487 -24.32061 19.67243 65.41136 90.92439 90.11266 66.78474 41.30276 19.42276 1.928373 -11.80267 -22.57434 -31.02631 -37.5886 -42.5193 -45.95045 -47.92019 -48.38601 -47.21931 -44.18245 -38.89949 -30.88416 -19.92237 -8.05084 -7.823232 -20.75251 -44.23162 -65.49961
-99.84706 -128.9939 -153.4763 -171.8912 -185.8094 -191.3202 -185.6065 -170.8121 -153.0849 -137.6082 -124.8386 -112.4258 -97.64591 -78.43542 -53.32487 -22.15413 11.04656 31.11295 27.60093 2.482488 -29.28134 -56.707 -78.11945 -94.45464 -106.982 -116.6819 -124.1785 -129.7985 -133.6051 -135.3854 -134.6259 -130.5051 -121.9156 -107.5181 -85.88582 -55.94955 -18.28615 21.5612 45.91719 49.16673 33.9451 15.87248 -0.310467 -13.78234 -24.84658 -33.97278 -41.53318 -47.76991 -52.82215 -56.75708 -59.58851 -61.2805 -61.73859 -60.79776 -58.23348 -53.86575 -47.92974 -42.11045 -42.0159 -49.19788 -62.5368 -76.72768
-101.1684 -131.4982 -153.7474 -174.9739 -197.494 -212.8947 -207.9487 -187.0115 -162.421 -144.5208 -132.8088 -122.5767 -110.0325 -93.71653 -73.13829 -48.88331 -24.70131 -6.993123 -3.177332 -13.01755 -31.37319 -50.56121 -67.87112 -82.9444 -96.07409 -107.572 -117.6589 -126.4767 -134.0431 -140.1494 -144.2791 -145.6103 -143.0948 -135.5718 -121.8987 -101.2089 -73.6651 -42.83043 -20.11432 -10.16805 -12.64064 -18.85491 -26.06385 -33.38732 -40.50103 -47.2419 -53.49921 -59.18927 -64.25121 -68.64528 -72.34714 -75.33685 -77.58617 -79.05859 -79.7571 -79.87546 -80.05268 -81.2217 -81.57572 -82.42934 -84.45724 -90.31107
-97.90536 -126.7427 -147.283 -171.4878 -201.8644 -227.9751 -224.6797 -198.2906 -165.892 -147.95 -140.6125 -134.8872 -125.6165 -112.956 -97.46953 -79.12169 -59.98845 -43.29547 -33.98868 -33.25519 -39.86574 -49.88595 -61.62834 -74.27129 -87.25996 -100.1105 -112.5182 -124.4235 -135.8549 -146.6536 -156.2799 -163.8346 -168.2574 -168.5675 -164.0078 -154.0589 -138.2859 -118.042 -96.61254 -77.93212 -64.47857 -56.55574 -53.4953 -54.02903 -56.91492 -61.17379 -66.10869 -71.25473 -76.32246 -81.15127 -85.6718 -89.87103 -93.75709 -97.33103 -100.59 -103.5984 -106.5708 -108.8986 -107.5061 -103.6235 -99.85197 -100.6966
-98.47437 -123.7286 -142.6475 -169.5577 -206.3602 -238.4995 -235.7157 -202.9538 -165.6056 -150.3784 -149.6552 -148.9805 -141.7748 -131.2791 -119.3186 -104.4861 -88.83047 -73.93687 -61.25004 -52.35878 -48.30967 -49.62228 -55.93147 -66.23981 -79.22694 -93.484 -108.1014 -122.9272 -138.1996 -153.9283 -169.4695 -183.5996 -194.9507 -202.5114 -205.867 -205.1147 -199.2453 -188.5398 -167.1065 -139.2932 -109.8445 -89.0563 -77.29457 -72.3735 -72.01621 -74.46791 -78.51647 -83.37486 -88.56394 -93.82387 -99.04604 -104.2082 -109.2946 -114.1903 -118.558 -121.7564 -123.2195 -122.406 -117.5773 -110.975 -105.5332 -105.1895
-110.706 -133.2516 -153.955 -181.8966 -217.7913 -246.4129 -242.594 -209.2909 -173.2968 -160.7745 -162.3248 -161.7912 -154.6314 -142.6904 -128.5546 -110.9723 -96.80969 -85.94553 -74.61375 -61.84536 -50.93974 -45.56409 -47.85448 -56.98969 -70.97598 -87.1594 -103.8883 -121.2173 -140.0452 -160.8007 -182.5412 -203.1766 -220.3524 -232.4411 -238.9198 -240.0394 -236.012 -227.9766 -205.4783 -172.6538 -134.8335 -108.0207 -92.57188 -85.55141 -84.09988 -86.08754 -90.06576 -95.09843 -100.6161 -106.3112 -112.0551 -117.8051 -123.4592 -128.6238 -132.2773 -132.3005 -127.996 -120.4908 -111.5542 -104.5797 -101.3735 -103.5682
-113.7995 -140.3443 -165.5472 -195.7097 -230.5245 -253.721 -249.8989 -220.4212 -191.2149 -179.9401 -179.5439 -176.7318 -166.7669 -149.0859 -125.5171 -100.4293 -86.20817 -80.86016 -74.75256 -61.04332 -46.21695 -35.94843 -36.10971 -45.80075 -62.49649 -81.41363 -99.81231 -118.6062 -140.2267 -166.0071 -194.2788 -221.0619 -241.7416 -252.9119 -254.3237 -247.3897 -234.826 -219.6147 -194.6222 -163.903 -131.1788 -109.0624 -97.00504 -92.28246 -92.42493 -95.58593 -100.475 -106.2311 -112.315 -118.4308 -124.4553 -130.3242 -135.7935 -139.9858 -140.6631 -134.619 -121.0092 -103.4455 -90.18948 -85.71363 -89.76564 -97.91787
