examples/Data/Jakobshavn_2008_2011_Composite/grids/jakobshavn_2008_2011_composite_surface.txt
ncols         740
nrows         360
xllcorner     -230000
yllcorner     -2350000
cellsize      500
NODATA_value  -9999
[rows 308 to 335 of 360, columns 640 to 703 of 740]
2537.465 2541.29 2543.753 2539.172 2514.972 2495.057 2498.933 2524.851 2547.157 2552.625 2556.07 2548.909 2529.86 2524.748 2539.088 2564.579 2575.025 2575.574 2575.597 2575.498 2575.729 2576.578 2578.097 2579.993 2581.916 2583.598 2584.999 2586.244 2587.453 2588.751 2590.056 2580.698 2558.426 2549.365 2537.417 2535.975 2540.898 2563.388 2588.598 2594.784 2597.534 2600.584 2603.742 2606.928 2610.062 2613.005 2615.715 2617.974 2619.845 2621.363 2622.735 2621.606 2613.306 2610.976 2615.466 2627.652 2634.285 2636.836 2638.795 2639.882 2639.867 2638.946 2637.559 2635.152
2537.435 2541.278 2543.736 2538.742 2515.065 2494.626 2498.591 2523.942 2546.777 2552.581 2551.195 2539.696 2520.34 2514.474 2530.604 2556.393 2572.469 2575.566 2575.596 2575.501 2575.738 2576.585 2578.104 2580.024 2581.945 2583.626 2584.996 2586.244 2587.449 2588.751 2584.729 2569.863 2546.852 2536.643 2527.892 2527.659 2538.583 2563.398 2588.14 2594.806 2597.538 2600.526 2603.676 2606.862 2610.063 2613.003 2615.718 2617.962 2619.838 2621.362 2622.943 2624.469 2621.404 2622.234 2623.591 2630.545 2633.813 2636.846 2638.787 2639.87 2639.877 2638.972 2637.596 2634.895
2537.293 2541.169 2543.603 2535.724 2515.655 2497.695 2503.125 2524.885 2545.271 2547.257 2536.401 2515.14 2493.677 2486.568 2501.385 2532.809 2559.594 2573.77 2575.589 2575.53 2575.802 2576.632 2578.135 2580.03 2581.944 2583.63 2584.983 2586.26 2587.448 2583.392 2570.974 2547.276 2521.634 2511.057 2512.267 2521.563 2538.969 2562.714 2585.919 2594.892 2597.566 2600.515 2603.641 2606.806 2610.07 2612.98 2615.728 2617.926 2619.813 2621.607 2623.6 2625.474 2626.693 2627.192 2627.763 2629.406 2632.608 2636.073 2638.731 2639.797 2639.815 2638.961 2637.651 2634.242
2537.246 2541.132 2543.556 2534.821 2515.865 2497.495 2503.188 2523.803 2540.247 2533.803 2513.55 2491.917 2479.076 2474.438 2482.951 2503.619 2536.479 2561.692 2574.699 2575.54 2575.822 2576.643 2578.14 2580.031 2581.945 2583.635 2584.981 2586.267 2585.646 2577.083 2560.156 2539.422 2527.908 2522.783 2525.332 2527.97 2545.298 2566.561 2586.801 2594.919 2597.581 2600.516 2603.633 2606.787 2610.074 2612.974 2615.733 2617.917 2620.262 2622.663 2625.134 2626.77 2627.518 2627.663 2627.663 2628.481 2630.601 2634.423 2637.759 2639.781 2639.802 2638.959 2637.684 2634.024
2537.304 2541.194 2543.615 2534.546 2515.938 2497.543 2503.302 2519.436 2527.305 2512.052 2491.365 2478.401 2474.636 2474.634 2474.639 2484.111 2505.717 2539.373 2563.513 2575.544 2575.83 2576.646 2578.141 2580.032 2581.946 2583.638 2584.981 2586.237 2583.829 2573.389 2559.976 2550.196 2550.658 2551.181 2551.413 2548.303 2556.8 2570.909 2586.8 2594.623 2597.587 2600.518 2603.632 2606.781 2610.076 2612.971 2615.735 2618.527 2620.853 2623.076 2623.627 2623.986 2624.935 2625.115 2624.944 2623.412 2624.2 2626.633 2632.291 2636.917 2639.797 2638.994 2637.748 2633.995
2537.373 2541.264 2543.682 2534.428 2515.971 2497.562 2501.1 2508.859 2508.15 2491.568 2479.189 2474.909 2474.927 2474.929 2474.926 2474.908 2485.246 2507.649 2541.163 2564.375 2575.805 2576.663 2578.157 2580.075 2581.946 2583.639 2583.291 2579.35 2571.625 2562.783 2557.383 2556.337 2565.885 2566.871 2566.428 2557.613 2559.721 2565.319 2574.915 2585.78 2594.514 2600.449 2603.632 2606.779 2610.077 2612.97 2615.382 2613.982 2611.945 2609.746 2609.449 2609.153 2610.09 2610.201 2609.962 2608.141 2607.924 2609.092 2613.371 2624.106 2633.338 2639.03 2637.787 2633.991
2531.534 2541.337 2543.765 2534.378 2515.999 2496.866 2493.965 2493.201 2488.756 2478.509 2474.422 2474.471 2474.657 2474.681 2474.642 2474.455 2474.417 2485.584 2507.891 2540.692 2563.486 2575.76 2578.173 2580.12 2581.946 2579.426 2570.502 2557.828 2547.231 2542.369 2540.849 2541.148 2545.083 2545.176 2544.926 2540.941 2540.692 2542.544 2548.005 2561.176 2579.203 2594.649 2603.553 2606.699 2609.999 2612.618 2611.886 2607.163 2601.521 2598.19 2596.919 2596.19 2597.324 2597.255 2597.079 2595.046 2595.033 2595.052 2598.039 2607.474 2622.182 2633.491 2637.825 2634.006
2526.648 2538.591 2543.776 2534.354 2514.28 2492.987 2483.362 2479.694 2476.898 2472.906 2472.905 2472.905 2472.877 2472.877 2472.875 2472.902 2472.903 2472.905 2484.057 2505.688 2540.132 2564.107 2578.189 2580.164 2577.803 2565.137 2545.95 2527.042 2517.837 2514.413 2514.28 2513.9 2516.263 2515.95 2516.174 2513.78 2514.185 2514.337 2517.407 2527.775 2550.484 2577.128 2597.497 2606.619 2610.546 2613.958 2613.664 2607.962 2601.717 2598.064 2598.075 2598.091 2599.313 2599.19 2599.11 2597.843 2597.925 2597.968 2597.991 2604.461 2616.298 2629.602 2635.93 2633.993
2521.703 2534.74 2541.629 2533.39 2510.997 2487.282 2473.869 2471.749 2470.592 2470.588 2470.578 2470.553 2470.465 2470.453 2470.47 2470.557 2470.575 2470.581 2470.582 2481.05 2504.255 2540.156 2566.176 2576.069 2563.718 2540.897 2517.223 2503.083 2498.801 2498.71 2498.506 2497.932 2496.442 2496.046 2496.437 2497.922 2498.491 2498.696 2498.789 2502.886 2518.94 2546.656 2578.427 2600.146 2613.045 2618.108 2618.726 2616.489 2613.976 2613.975 2613.971 2613.957 2614.93 2614.876 2614.865 2613.88 2613.931 2613.952 2613.96 2613.965 2619.444 2626.534 2633.997 2634.372
2523.058 2528.886 2533.754 2522.377 2499.814 2477.883 2468.987 2468.649 2468.645 2468.636 2468.617 2468.563 2468.344 2468.317 2468.358 2468.578 2468.618 2468.631 2468.635 2468.638 2480.385 2504.598 2537.757 2549.957 2539.978 2515.216 2499.669 2493.838 2493.842 2493.846 2493.844 2493.838 2493.821 2493.816 2493.821 2493.838 2493.844 2493.846 2493.847 2493.847 2499.721 2516.949 2547.205 2582.897 2609.715 2623.864 2626.704 2627.064 2627.071 2627.084 2627.115 2627.224 2627.996 2628.122 2628.048 2627.279 2627.126 2627.088 2627.073 2627.064 2627.059 2628.81 2631.111 2635.972
2523.728 2527.073 2530.38 2515.71 2493.593 2471.513 2467.411 2467.41 2467.409 2467.406 2467.4 2467.382 2467.345 2467.335 2467.349 2467.386 2467.398 2467.4 2467.399 2467.4 2467.401 2484.178 2516.318 2530.827 2522.829 2499.469 2493.739 2493.745 2493.752 2493.76 2493.767 2493.787 2493.877 2493.89 2493.876 2493.786 2493.766 2493.76 2493.756 2493.755 2493.754 2504.04 2534.465 2576.504 2611.312 2625.981 2629.037 2629.037 2629.037 2629.037 2629.037 2629.035 2629.034 2629.032 2629.015 2628.998 2628.98 2628.979 2628.979 2628.978 2628.978 2628.978 2629.846 2634.614
2525.393 2527.868 2530.582 2519.45 2497.714 2475.741 2466.931 2466.931 2466.931 2466.93 2466.928 2466.922 2466.9 2466.897 2466.902 2466.924 2466.929 2466.93 2466.931 2466.931 2470.504 2486.014 2516.877 2530.633 2523.971 2501.955 2493.474 2493.479 2493.485 2493.492 2493.496 2493.505 2493.524 2493.53 2493.524 2493.505 2493.496 2493.492 2493.49 2493.489 2498.635 2516.444 2547.097 2583.236 2609.06 2623.186 2626.679 2627.827 2627.826 2627.827 2627.826 2627.826 2627.83 2627.829 2627.811 2627.789 2627.77 2627.771 2627.772 2627.772 2627.772 2627.982 2628.458 2632.672
2527.91 2531.813 2537.052 2533.238 2518.76 2493.412 2475.803 2466.772 2466.772 2466.771 2466.77 2466.765 2466.753 2466.75 2466.754 2466.767 2466.77 2466.771 2466.772 2471.209 2485.562 2512.036 2541.058 2552.456 2543.41 2518.689 2501.677 2492.986 2492.986 2492.987 2492.989 2492.993 2493.009 2493.012 2493.009 2492.994 2492.989 2492.988 2492.986 2498.07 2515.677 2546.112 2579.224 2600.862 2612.158 2617.555 2622.69 2625.339 2626.128 2626.128 2626.127 2626.127 2626.13 2626.129 2626.111 2626.089 2626.071 2626.072 2626.073 2626.042 2626.298 2626.96 2628.037 2629.515
2530.885 2534.838 2539.021 2542.688 2536.583 2520.485 2494.074 2476.013 2466.76 2466.76 2466.76 2466.761 2466.77 2466.771 2466.77 2466.761 2466.76 2466.76 2471.155 2486.256 2511.389 2539.896 2558.257 2567.295 2560.401 2544.416 2520.325 2502.938 2494.081 2492.623 2492.619 2492.607 2492.577 2492.57 2492.577 2492.608 2492.619 2492.623 2496.63 2513.96 2543.99 2577.819 2598.806 2607.631 2609.705 2613.301 2617.739 2621.613 2623.482 2623.971 2623.97 2623.969 2623.962 2623.933 2623.9 2623.872 2623.866 2623.866 2623.867 2624.207 2625.029 2626.451 2627.893 2629.317
2533.26 2536.359 2539.571 2542.688 2545.621 2538.784 2521.78 2494.679 2476.164 2466.757 2466.758 2466.76 2466.777 2466.778 2466.777 2466.76 2466.758 2471.131 2486.146 2511.921 2539.897 2557.784 2565.472 2567.294 2569.043 2561.86 2546.712 2522.138 2504.437 2493.994 2492.496 2492.492 2492.469 2492.466 2492.469 2492.492 2492.496 2496.401 2512.406 2541.97 2575.362 2597.233 2606.029 2607.668 2609.149 2611.15 2614.058 2617.413 2620.047 2621.198 2621.48 2621.478 2621.468 2621.439 2621.406 2621.381 2621.375 2621.374 2621.774 2622.764 2624.433 2626.285 2627.908 2629.318
2534.394 2536.732 2539.571 2542.688 2545.621 2548.036 2540.43 2522.874 2495.102 2476.298 2466.752 2466.752 2466.735 2466.733 2466.736 2466.754 2471.104 2486.045 2511.672 2539.328 2556.736 2564.011 2565.47 2567.292 2569.043 2570.712 2564.557 2549.224 2524.946 2505.452 2494.658 2492.341 2492.403 2492.412 2492.399 2492.336 2496.135 2511.905 2539.976 2572.943 2594.484 2604.348 2605.988 2607.668 2609.15 2610.582 2612.237 2614.401 2616.609 2618.187 2618.832 2618.998 2618.982 2618.953 2618.921 2618.903 2617.203 2616.762 2617.84 2621.442 2624.376 2626.339 2627.909 2629.319
2534.728 2536.732 2539.571 2542.689 2545.62 2548.035 2549.828 2541.816 2523.693 2496.221 2477.122 2467.469 2466.744 2466.746 2466.744 2471.039 2485.925 2511.443 2538.989 2556.114 2562.952 2564.008 2565.468 2567.29 2569.043 2570.711 2572.097 2566.008 2551.242 2527.286 2507.081 2495.074 2491.821 2491.801 2491.773 2496.426 2511.982 2539.758 2571.357 2592.76 2602.49 2604.348 2605.99 2607.668 2609.151 2610.583 2611.749 2612.99 2614.318 2615.603 2616.463 2616.803 2616.865 2616.865 2616.866 2611.624 2606.005 2606.177 2613.346 2621.546 2624.54 2626.302 2627.908 2629.321
2534.721 2536.73 2539.571 2542.69 2545.619 2548.032 2549.83 2551.369 2542.906 2520.934 2492.089 2472.772 2466.514 2466.703 2470.936 2485.742 2511.176 2538.67 2555.733 2562.317 2562.95 2564.002 2565.462 2567.283 2569.043 2570.71 2572.098 2573.744 2568.483 2554.38 2530.312 2508.508 2495.063 2490.877 2495.382 2511.675 2539.078 2570.509 2590.809 2600.657 2602.493 2604.347 2605.992 2607.668 2609.156 2610.586 2611.753 2612.667 2613.431 2614.183 2614.876 2615.312 2615.434 2615.459 2609.373 2597.083 2588.542 2595.492 2610.226 2621.814 2624.583 2626.266 2627.905 2629.354
2534.7 2536.724 2539.57 2542.693 2545.618 2548.027 2549.834 2551.367 2552.56 2536.366 2508.722 2479.573 2467.662 2471.544 2486.351 2511.502 2538.228 2555.326 2561.916 2562.315 2562.943 2563.962 2565.422 2567.244 2569.045 2570.708 2572.099 2573.732 2575.72 2571.538 2557.712 2533.439 2509.915 2500.398 2511.289 2539.114 2569.42 2589.682 2598.613 2600.65 2602.498 2604.345 2605.999 2607.669 2609.168 2610.597 2611.765 2612.664 2613.265 2613.718 2614.146 2614.511 2614.714 2613.114 2597.915 2577.942 2570.526 2587.751 2610.395 2622.756 2624.588 2626.265 2627.897 2629.386
2534.621 2536.684 2539.556 2542.709 2545.632 2548.033 2549.859 2551.372 2552.572 2543.792 2515.775 2486.187 2470.055 2484.393 2510.042 2538.169 2554.815 2561.51 2561.914 2562.307 2562.914 2563.905 2565.369 2567.203 2569.056 2570.71 2572.1 2573.685 2575.707 2578.328 2574.871 2561.026 2535.831 2526.885 2538.615 2568.163 2587.556 2596.51 2598.602 2600.629 2602.511 2604.335 2606.02 2607.672 2609.209 2610.636 2611.808 2612.693 2613.281 2613.661 2613.965 2614.25 2614.504 2611.484 2586.538 2562.533 2560.782 2587.885 2614.606 2622.84 2624.604 2626.258 2627.869 2629.418
2534.592 2536.67 2539.55 2542.711 2545.633 2548.031 2549.867 2551.373 2552.578 2544.406 2517.437 2487.199 2470.136 2490.837 2523.302 2551.747 2560.985 2561.512 2561.913 2562.304 2562.906 2563.868 2565.332 2567.167 2569.056 2570.707 2572.1 2573.672 2575.707 2578.331 2581.179 2574.131 2549.635 2541.374 2553.154 2582.006 2594.414 2596.478 2598.564 2600.588 2602.506 2604.328 2606.024 2607.677 2609.241 2610.668 2611.839 2612.701 2613.284 2613.662 2613.947 2614.293 2614.673 2611.791 2584.63 2560.673 2560.3 2589.613 2616.198 2622.931 2624.609 2626.226 2627.834 2629.423
2534.601 2536.671 2539.548 2542.708 2545.633 2548.034 2549.865 2551.375 2552.578 2544.186 2515.226 2484.402 2466.685 2483.706 2514.267 2543.588 2558.494 2561.51 2561.913 2562.305 2562.91 2563.868 2565.331 2567.166 2569.054 2570.708 2572.099 2573.679 2575.705 2578.328 2577.26 2565.756 2541.693 2532.754 2545.516 2573.932 2590.927 2596.434 2598.518 2600.544 2602.496 2604.326 2606.019 2607.679 2609.263 2610.691 2611.859 2612.697 2613.281 2613.655 2614.018 2614.575 2615.161 2614.081 2596.031 2573.669 2572.631 2592.675 2617.497 2623.015 2624.609 2626.187 2627.802 2629.46
2534.677 2536.708 2539.56 2542.691 2545.619 2548.028 2549.842 2551.371 2552.567 2540.563 2511.141 2479.906 2461.691 2468.245 2487.981 2519.661 2545.493 2559.747 2561.915 2562.314 2562.938 2563.885 2565.345 2567.167 2569.042 2570.705 2572.098 2573.725 2575.717 2575.287 2564.375 2542.985 2517.427 2507.955 2519.887 2549.295 2576.641 2592.858 2598.478 2600.473 2602.436 2604.291 2605.997 2607.677 2609.255 2610.685 2611.847 2612.67 2613.265 2613.702 2614.448 2615.348 2616.161 2616.503 2608.2 2595.112 2590.934 2600.935 2616.208 2623.066 2624.596 2626.152 2627.789 2629.499
2534.71 2536.722 2539.564 2542.687 2545.619 2548.032 2549.833 2551.372 2550.035 2531.088 2499.978 2471.098 2459.348 2459.354 2468.036 2488.884 2522.05 2547.532 2561.019 2562.316 2562.948 2563.888 2565.347 2567.168 2569.041 2570.708 2572.097 2573.74 2573.528 2563.493 2542.66 2517.236 2501.327 2495.358 2502.686 2520.993 2551.09 2578.134 2594.806 2600.421 2602.392 2604.253 2605.99 2607.675 2609.252 2610.683 2611.845 2612.661 2613.26 2614.241 2615.508 2616.821 2617.453 2617.631 2617.631 2611.541 2608.906 2610.225 2618.146 2623.107 2624.592 2626.141 2627.785 2629.57
2534.722 2536.726 2539.566 2542.687 2545.62 2548.036 2549.83 2549.699 2537.891 2512.565 2483.098 2464.639 2459.229 2459.225 2459.23 2468.827 2490.681 2524.889 2549.667 2562.317 2562.951 2563.888 2565.347 2567.168 2569.041 2570.709 2572.096 2572.243 2562.624 2542.835 2517.337 2501.145 2494.747 2494.767 2494.747 2502.095 2520.915 2551.613 2579.489 2596.514 2602.348 2604.211 2606.026 2607.711 2609.288 2610.682 2611.845 2612.658 2613.984 2615.666 2617.525 2618.529 2618.878 2618.88 2618.879 2618.858 2617.44 2618.177 2619.615 2622.942 2624.59 2626.137 2627.784 2629.646
2534.727 2536.728 2539.567 2542.687 2545.621 2548.037 2549.011 2538.516 2516.238 2486.381 2467.301 2459.34 2459.34 2459.343 2459.34 2459.341 2469.813 2492.611 2526.928 2550.929 2562.953 2563.888 2565.347 2567.168 2569.041 2570.71 2571.384 2562.182 2542.944 2516.934 2500.325 2493.29 2493.443 2493.462 2493.441 2493.287 2500.903 2520.191 2551.962 2580.652 2598.357 2604.209 2606.063 2607.749 2609.326 2610.681 2611.844 2613.542 2615.713 2618.148 2619.533 2620.106 2620.112 2620.113 2620.113 2620.092 2620.074 2620.364 2621.218 2622.736 2624.417 2626.099 2627.747 2629.681
2533.619 2536.729 2539.567 2542.686 2545.621 2547.198 2537.93 2517.047 2487.644 2468.028 2459.336 2459.343 2459.358 2459.362 2459.357 2459.342 2459.336 2470.723 2493.586 2528.064 2551.499 2563.888 2565.347 2567.168 2569.041 2570.711 2562.125 2543.416 2516.59 2499.312 2491.674 2491.66 2491.63 2491.619 2491.63 2491.66 2491.675 2499.472 2519.498 2552.199 2581.931 2600.054 2606.101 2607.786 2609.364 2610.681 2612.891 2615.582 2618.701 2620.466 2621.235 2621.236 2621.24 2621.24 2621.239 2621.219 2621.203 2621.187 2621.563 2622.496 2624.108 2625.853 2627.709 2629.714
2531.178 2535.451 2539.568 2542.687 2545.621 2537.075 2517.538 2487.914 2468.584 2459.185 2459.184 2459.181 2459.17 2459.169 2459.171 2459.182 2459.185 2459.186 2470.617 2493.609 2528.482 2552.353 2565.347 2567.169 2569.042 2561.446 2543.453 2516.589 2498.508 2490.115 2490.109 2490.098 2490.085 2490.08 2490.089 2490.103 2490.114 2490.118 2498.247 2518.859 2552.631 2583.173 2601.829 2607.787 2609.364 2611.925 2615.277 2619.053 2621.247 2622.188 2622.188 2622.19 2622.196 2622.197 2622.196 2622.189 2622.187 2622.187 2622.214 2622.634 2623.576 2625.299 2627.335 2629.779
