examples/Data/Jakobshavn_2008_2011_Composite/grids/jakobshavn_2008_2011_composite_thickness.txt
ncols         740
nrows         360
xllcorner     -230000
yllcorner     -2350000
cellsize      500
NODATA_value  -9999
[rows 280 to 307 of 360, columns 256 to 319 of 740]
1441.43 1449.404 1451.749 1445.282 1435.277 1427.731 1429.254 1442.255 1463.025 1485.093 1501.303 1502.034 1490.921 1481.038 1479.645 1489.053 1500.012 1512.328 1519.098 1525.4 1537.962 1560.913 1594.933 1629.892 1660.577 1678.447 1684.958 1681.301 1672.931 1662.443 1654.638 1646.806 1637.403 1624.104 1609.686 1599.911 1597.922 1601.442 1605.457 1601.101 1608.995 1636.339 1693.452 1760.97 1824.1 1859.267 1863.86 1845.567 1823.579 1800.844 1776.692 1749.176 1717.899 1683.328 1650.612 1638.764 1654.554 1697.643 1750.505 1805.751 1856.86 1893.608 1912.161 1917.055
1431.594 1436.922 1435.904 1424.676 1409.45 1397.076 1396.051 1411.156 1437.977 1466.128 1479.355 1477.421 1465.32 1455.698 1455.393 1465.509 1482.773 1500.018 1510.974 1522.464 1537.648 1562.694 1597.484 1634.247 1666.135 1685.766 1692.119 1689.467 1682.494 1675.473 1669.408 1663.436 1655.866 1644.537 1630.332 1615.901 1610.213 1613.667 1625.624 1634.745 1650.787 1679.017 1726.68 1782.454 1833.813 1863.1 1866.083 1853.285 1834.752 1814.806 1787.065 1755.894 1721.779 1687.688 1658.379 1648.33 1662.817 1699.883 1745.764 1793.212 1836.454 1869.1 1887.331 1891.831
1433.436 1435.614 1432.118 1420.068 1404.782 1392.521 1390.361 1402.475 1424.324 1445.322 1447.481 1439.277 1428.145 1424.952 1431.988 1446.335 1468.563 1488.735 1503.695 1518.982 1536.705 1564.052 1599.777 1638.164 1668.156 1686.191 1691.877 1691.936 1689.476 1686.443 1684.177 1678.925 1669.471 1652.444 1633.284 1615.895 1611.709 1623.419 1644.889 1666.548 1688.564 1717.893 1757.712 1802.377 1842.964 1865.861 1866.756 1858.253 1843.434 1824.928 1794.93 1761.844 1728.632 1697.356 1673.036 1664.824 1676.554 1705.857 1743.708 1783.435 1819.984 1848.957 1866.402 1872.371
1445.054 1444.364 1439.133 1429.511 1418.877 1410.597 1408.458 1413.479 1423.109 1429.766 1419.459 1406.505 1398.273 1396.931 1406.635 1419.824 1448.965 1474.515 1496.194 1512.846 1530.703 1557.413 1590.458 1626.062 1652.847 1672.254 1681.626 1688.52 1692.9 1695.479 1697.117 1693.543 1683.697 1664.793 1644.769 1626.16 1622.427 1638.153 1666.19 1695.839 1720.873 1749.598 1783.221 1818.976 1850.661 1867.938 1871.435 1866.794 1853.99 1832.7 1801.21 1768.831 1736.838 1707.609 1685.493 1677.861 1687.278 1711.604 1743.248 1776.642 1807.46 1832.155 1848.028 1854.671
1461.911 1461.358 1455.497 1448.299 1441.314 1435.69 1431.842 1428.949 1426.077 1418.497 1400.35 1386.459 1382.319 1385.688 1395.835 1409.724 1436.007 1464.1 1487.967 1506.657 1520.796 1539.782 1563.067 1590.799 1616.634 1642.077 1661.599 1678.477 1691.85 1701.653 1707.826 1706.875 1699.372 1681.539 1666.28 1649.316 1646.544 1656.627 1682.913 1715.837 1745.462 1774.889 1803.107 1831.778 1856.59 1869.437 1876.27 1873.262 1862.665 1838.693 1808.203 1776.596 1745.38 1717.188 1696.409 1688.69 1696.241 1716.764 1744.201 1773.196 1799.807 1821.141 1835.32 1841.804
1482.554 1482.44 1478.422 1472.952 1468.272 1462.916 1455.669 1445.872 1435.384 1422.338 1405.544 1393.591 1388.092 1388.606 1397.195 1411.826 1435.123 1458.426 1480.717 1497.871 1508.003 1514.835 1523.442 1540.293 1565.782 1599.121 1632.597 1662.714 1687.766 1705.666 1715.638 1716.158 1702.131 1679.827 1658.47 1642.294 1638.302 1646.429 1672.159 1705.982 1742.685 1779.887 1813.18 1840.729 1860.672 1870.573 1881.766 1880.702 1872.547 1845.873 1816.46 1785.354 1753.927 1724.723 1702.262 1693.355 1700.292 1720.466 1746.585 1773.33 1797.255 1816.139 1828.708 1834.533
1505.813 1506.205 1503.754 1501.218 1497.295 1490.963 1480.025 1464.78 1448.978 1433.01 1417.953 1407.715 1398.478 1399.918 1410.935 1433.495 1452.103 1467.377 1479.027 1490.097 1492.953 1489.389 1484.058 1491.301 1515.509 1555.519 1600.135 1643.691 1680.952 1708.181 1720.424 1713.435 1687.444 1651.565 1618.563 1599.787 1599.661 1618.481 1651.36 1691.137 1731.335 1768.258 1802.966 1834.866 1859.795 1876.747 1889.176 1890.63 1879.845 1854.868 1826.687 1796.017 1763.744 1732.051 1706.185 1695.368 1702.755 1724.809 1751.802 1777.821 1799.987 1816.883 1827.797 1832.712
1534.748 1531.376 1533.348 1534.281 1532.651 1521.772 1505.964 1486.18 1465.377 1444.734 1427.952 1419.873 1412.657 1416.946 1430.026 1454.048 1472.05 1479.496 1483.202 1485.371 1482.427 1472.214 1458.231 1458.498 1479.836 1521.774 1572.745 1624.382 1672.621 1708.632 1723.026 1708.092 1667.185 1617.932 1571.605 1552.596 1560.007 1595.173 1638.854 1682.847 1723.484 1759.357 1793.558 1824.033 1850.921 1877.708 1896.79 1902.298 1888.948 1865.973 1839.504 1809.892 1777.18 1742.299 1710.065 1696.586 1705.53 1732.819 1761.866 1787.284 1807.526 1822.148 1830.878 1833.616
1567.7 1560.923 1565.063 1568.994 1569.432 1554.824 1535.811 1512.76 1487.548 1462.617 1443.059 1437.689 1438.103 1446.916 1458.025 1475.108 1488.884 1494.444 1492.665 1489.742 1480.641 1467.43 1449.091 1444.2 1462.296 1503.538 1556.968 1612.803 1665.575 1710.87 1728.857 1710.849 1662.421 1603.576 1550.173 1526.592 1539.639 1586.871 1641.865 1695.208 1738.102 1769.358 1795.819 1821.345 1846.878 1881.247 1904.438 1915.115 1899.194 1878.547 1854.621 1827.737 1797.326 1763.158 1729.115 1714.735 1723.722 1751.97 1779.49 1801.823 1818.46 1829.464 1834.415 1833.334
1598.078 1588.436 1596.381 1602.902 1607.445 1590.344 1569.493 1544.309 1515.588 1486.822 1466.29 1462.225 1465.757 1474.911 1483.463 1496.347 1506.534 1510.199 1506.924 1502.337 1491.528 1476.7 1456.906 1447.126 1460.811 1499.577 1555.325 1612.627 1666.145 1716.688 1737.81 1723.383 1669.16 1603.981 1544.002 1517.047 1532.38 1583.266 1644.508 1703.635 1753.489 1789.874 1814.367 1830.929 1847.299 1880.392 1907.217 1922.389 1909.135 1890.89 1870.236 1847.985 1823.612 1796.49 1769.253 1757.113 1763.01 1783.614 1803.301 1818.746 1829.353 1834.688 1834.161 1827.938
1616.48 1612.889 1625.194 1636.787 1641.078 1625.852 1606.256 1581.241 1551.64 1522.876 1504.325 1501.103 1504.927 1510.833 1515.641 1524.068 1531.628 1534.5 1530.415 1525.285 1513.885 1498.146 1475.854 1461.435 1471.535 1508.968 1566.496 1625.45 1676.571 1729.073 1751.013 1738.773 1679.884 1609.206 1543.569 1513.956 1529.24 1582.666 1645.93 1707.245 1760.697 1799.893 1826.192 1842.453 1854.929 1884.604 1909.235 1926.748 1916.035 1900.2 1882.686 1865.339 1848.193 1830.915 1814.613 1806.197 1807.292 1815.877 1824.693 1831.655 1834.925 1833.708 1827.254 1816.93
1621.333 1631.059 1650.826 1670.819 1672.641 1661.33 1645.176 1622.696 1594.513 1566.188 1550.696 1547.625 1550.522 1552.275 1553.629 1560.215 1566.05 1568.805 1563.875 1558.466 1547.18 1531.768 1508.568 1491.756 1499.673 1534.908 1590.675 1646.622 1694.382 1743.866 1763.704 1750.502 1691.797 1622.415 1558.588 1528.991 1541.732 1590.515 1649.393 1707.651 1760.007 1800.297 1827.921 1844.85 1856.85 1885.458 1910.105 1928.253 1919.385 1904.881 1888.341 1872.111 1856.566 1841.534 1827.335 1819.19 1818.2 1822.81 1827.35 1830.279 1829.523 1824.41 1814.834 1802.836
1624.421 1647.581 1673.348 1699.318 1698.271 1692.192 1681.543 1664.911 1641.445 1616.665 1604.763 1603.148 1609.385 1611.232 1612.121 1614.467 1615.886 1614.697 1606.636 1599.981 1588.844 1574.967 1553.83 1539.465 1547.54 1579.011 1627.428 1675.085 1715.531 1759.256 1776.431 1764.05 1709.887 1647.27 1590.387 1562.821 1571.101 1610.426 1659.868 1710.491 1757.331 1796.001 1824.241 1842.934 1855.262 1883.738 1908.828 1927.802 1919.708 1904.66 1886.017 1866.056 1845.219 1823.152 1800.324 1788.339 1788.662 1799.303 1808.101 1813.328 1813.545 1808.828 1799.604 1788.13
1632.585 1660.743 1686.71 1712.05 1710.53 1708.693 1704.144 1695.826 1680.295 1659.916 1650.561 1650.691 1662.957 1670.079 1676.902 1678.611 1676.109 1667.994 1655.208 1646.092 1634.759 1623.09 1606.591 1598.238 1608.39 1635.057 1672.499 1708.281 1739.023 1774.391 1788.35 1777.569 1731.312 1679.222 1634.193 1610.423 1612.647 1637.925 1674.633 1715.531 1755.698 1791.427 1819.098 1838.591 1851.085 1880.607 1907.414 1927.835 1919.3 1901.474 1878.222 1851.349 1821.312 1788.219 1754.829 1737.817 1740.146 1758.289 1774.941 1786.399 1791.794 1790.974 1784.694 1774.829
1642.397 1667.749 1689.417 1708.419 1707.112 1705.268 1702.271 1698.08 1688.405 1673.579 1669.218 1673.756 1692.146 1705.383 1719.802 1726.327 1726.321 1717.172 1702.944 1692.153 1680.774 1671.035 1659.322 1656.43 1668.053 1689.892 1717.362 1742.659 1764.787 1789.369 1799.598 1789.538 1752.84 1710.275 1676.814 1656.425 1652.969 1664.58 1689.774 1721.798 1755.269 1786.408 1812.377 1832.361 1846.554 1878.719 1907.879 1929.424 1919.075 1897.376 1869.044 1835.861 1798.562 1758.083 1719.16 1699.057 1701.553 1722.283 1743.527 1760.136 1770.825 1774.328 1771.148 1762.833
1638.966 1663.631 1682.805 1696.894 1691.977 1684.41 1675.89 1667.891 1660.415 1651.759 1656.709 1666.563 1686.225 1700.687 1719.436 1736.842 1749.274 1751.3 1743.53 1733.833 1723.643 1715.761 1708.006 1707.311 1716.293 1733.278 1754.419 1774.876 1791.421 1805.11 1811.483 1800.671 1771.276 1731.161 1698.379 1677.266 1671.937 1680.656 1701.609 1728.634 1757.254 1784.574 1808.702 1828.822 1844.607 1879.515 1910.627 1932.407 1919.5 1894.048 1861.517 1823.985 1782.468 1738.764 1698.685 1677.296 1678.422 1697.509 1719.266 1738.041 1751.869 1758.653 1758.208 1754.546
1624.441 1652.552 1673.496 1686.58 1675.579 1658.665 1639.034 1622.013 1612.7 1609.722 1625.13 1640.6 1657.935 1670.152 1690.516 1721.167 1749.28 1768.673 1772.747 1768.181 1761.522 1756.337 1752.321 1752.533 1759.068 1772.938 1790.449 1807.688 1819.472 1824.018 1826.742 1814.625 1788.656 1744.684 1701.755 1675.83 1671.93 1688.102 1711.116 1736.276 1761.567 1785.801 1808.13 1828.042 1845.192 1882.582 1915.089 1936.367 1920.725 1892.216 1856.81 1816.876 1773.609 1729.081 1688.926 1667.002 1666.307 1682.649 1702.22 1720.224 1734.698 1743.313 1745.009 1748.021
1607.312 1641.886 1668.671 1683.33 1665.958 1638.346 1605.865 1580.485 1569.957 1574.818 1598.469 1620.06 1638.537 1652.553 1675.945 1712.802 1749.019 1778.508 1792.394 1794.397 1793.418 1792.4 1793.005 1795.175 1801.33 1814.698 1829.617 1843.24 1849.044 1847.451 1847.229 1835.037 1811.296 1766.056 1716.396 1686.363 1681.855 1701.203 1723.506 1745.424 1766.861 1787.85 1808.184 1827.542 1845.451 1884.825 1918.744 1939.838 1922.15 1891.42 1854.573 1814.03 1770.97 1727.586 1689.41 1667.884 1664.801 1676.08 1690.858 1705.647 1718.575 1727.407 1730.487 1739.831
1604.044 1646.163 1679.93 1690.072 1668.173 1631.071 1586.884 1555.543 1544.699 1558.999 1587.111 1614.115 1635.33 1656.407 1688.177 1726.837 1761.542 1787.983 1804.521 1812.56 1818.444 1823.234 1829.34 1836.011 1847.223 1863.754 1875.442 1881.193 1878.103 1872.389 1870.777 1861.226 1842.951 1805.507 1762.399 1732.494 1721.52 1729.792 1742.069 1756.121 1771.741 1788.729 1806.696 1825.127 1850.255 1890.844 1926.833 1941.538 1923.378 1891.294 1854.508 1814.822 1773.057 1731.136 1693.929 1672.862 1667.379 1674.02 1682.973 1693.531 1704.169 1712.14 1715.707 1727.53
1608.389 1658.895 1701.498 1708.456 1685.871 1641.752 1586.386 1548.628 1536.724 1559.943 1589.246 1616.904 1635.315 1661.526 1701.567 1742.319 1774.102 1793.903 1809.641 1821.914 1834.441 1845.559 1857.213 1868.14 1882.672 1900.545 1909.644 1910.169 1901.302 1892.947 1891.256 1886.083 1876.845 1854.371 1829.548 1803.502 1781.705 1767.074 1762.517 1765.672 1774.364 1787.029 1802.51 1827.137 1859.559 1900.615 1931.647 1940.491 1924.035 1892.389 1857.252 1819.329 1779.199 1738.714 1701.934 1679.842 1671.059 1673.11 1677.173 1683.796 1691.7 1698.008 1701.276 1713.015
1617.087 1675.508 1727.169 1735.59 1718.635 1675.027 1614.573 1571.676 1555.965 1579.015 1603.039 1622.579 1627.659 1649.286 1690.696 1736.178 1769.127 1788.052 1805.181 1821.666 1840.015 1857.043 1873.417 1887.419 1903.398 1920.346 1926.895 1923.325 1910.76 1900.035 1898.156 1896.276 1893.871 1882.294 1869.621 1847.281 1819.295 1790.847 1774.609 1769.594 1772.88 1782.097 1801.3 1832.509 1872.377 1907.898 1933.726 1938.794 1927.561 1899.541 1866.544 1829.26 1789.262 1748.789 1711.609 1687.162 1674.509 1672.016 1672.398 1675.898 1681.15 1685.625 1690.864 1701.762
1623.393 1686.004 1744.455 1762.437 1757.331 1724.727 1671.155 1628.373 1606.925 1619.557 1631.978 1638.353 1628.003 1636.821 1667.563 1710.567 1744.482 1768.564 1790.773 1812.312 1836.135 1858.22 1878.236 1893.226 1907.701 1921.726 1925.809 1919.37 1903.986 1890.313 1887.097 1885.623 1884.861 1875.814 1865.241 1844.904 1817.949 1789.534 1771.651 1764.356 1765.462 1775.488 1801.256 1839.657 1878.034 1907.338 1928.79 1938.859 1934.545 1912.663 1882.411 1844.777 1802.484 1759.718 1720.831 1692.611 1676.022 1669.591 1668.034 1669.438 1672.286 1677.162 1684.321 1694.628
1632.442 1694.444 1753.651 1781.941 1793.531 1781.76 1746.289 1709.114 1681.614 1678.34 1676.933 1671.682 1653.028 1647.59 1657.828 1684.806 1713.191 1742.109 1769.801 1796.888 1825.077 1851.841 1874.048 1888.972 1899.848 1908.958 1908.359 1897.655 1879.152 1863.454 1858.796 1855.758 1852.405 1839.19 1822.665 1803.072 1782.888 1765.657 1754.321 1749.833 1751.719 1768.926 1802.164 1840.901 1872.856 1896.206 1920.125 1937.615 1942.169 1928.388 1901.548 1863.143 1817.681 1769.257 1725.562 1693.215 1674.167 1666.173 1663.806 1663.897 1666.606 1672.161 1681.292 1689.323
1642.376 1697.526 1751.203 1788.421 1816.552 1828.459 1815.444 1787.898 1757.024 1740.435 1727.913 1715.661 1696.333 1680.342 1670.141 1674.315 1690.537 1717.534 1747.835 1782.064 1812.485 1837.939 1858.04 1872.216 1881.307 1881.817 1873.924 1858.813 1839.781 1825.373 1821.083 1817.406 1811.695 1794.692 1772.527 1753.349 1739.505 1733.174 1729.259 1728.94 1736.449 1762.307 1797.702 1833.023 1857.487 1879.595 1904.535 1927.318 1942.021 1935.239 1911.149 1873.487 1828.78 1777.965 1725.982 1689.037 1669.129 1663.083 1661.175 1661.215 1663.809 1670.004 1677.382 1683.855
1647.494 1691.186 1737.498 1781.513 1823.119 1853.302 1856.879 1838.545 1807.69 1784.504 1765.317 1749.555 1730.286 1707.797 1684.58 1672.055 1676.394 1698.105 1731.286 1771.53 1802.317 1822.416 1835.717 1848.116 1853.984 1846.319 1828.278 1808.734 1792.365 1784.313 1782.07 1778.948 1772.171 1756.699 1736.934 1720.086 1708.547 1704.212 1703.225 1706.205 1721.678 1753.362 1788.11 1817.033 1835.869 1857.388 1882.119 1909.372 1934.541 1937.107 1915.136 1878.099 1832.874 1782.371 1726.145 1687.12 1666.539 1659.56 1658.369 1659.236 1663.342 1667.319 1672.755 1677.749
1642.143 1672.728 1712.554 1760.355 1809.263 1846.526 1856.575 1842.29 1813.958 1789.329 1767.896 1749.262 1727.47 1702.68 1677.506 1662.019 1662.597 1683.508 1720.135 1764.69 1793.238 1806.5 1813.256 1824.259 1829.292 1816.366 1789.386 1765.671 1751.303 1748.745 1747.604 1743.62 1736.654 1726.35 1715.287 1702.421 1689.715 1680.847 1679.189 1684.724 1707.109 1739.093 1771.768 1793.469 1811.047 1831.621 1856.344 1886.351 1921.056 1933.507 1915.398 1877.286 1831.002 1781.235 1724.215 1684.558 1663.058 1659.755 1659.929 1662.817 1663.161 1664.227 1667.761 1673.227
1625.115 1643.709 1678.763 1727.688 1780.68 1816.559 1822.638 1805.097 1778.52 1755.884 1735.275 1715.428 1689.952 1667.379 1647.476 1640.727 1645.557 1670.522 1711.859 1756.467 1783.399 1793.368 1795.901 1804.643 1806.897 1797.158 1771.709 1748.545 1732.151 1725.919 1720.493 1712.384 1703.696 1696.891 1694.236 1685.093 1671.012 1657.156 1655.141 1664.378 1690.575 1722.086 1751.178 1767.7 1783.687 1802.74 1828.556 1862.483 1905.807 1931.05 1920.696 1883.015 1835.047 1784.693 1732.285 1693.511 1676.899 1674.028 1672.796 1668.514 1664.129 1661.992 1664.9 1671.04
1601.943 1610.87 1641.062 1692.032 1750.983 1782.006 1776.799 1747.318 1720.601 1701.775 1684.985 1668.589 1647.558 1633.511 1623.861 1626.565 1635.308 1662.123 1705.073 1749.121 1774.721 1779.473 1780.829 1784.923 1784.918 1773.99 1756.053 1739.179 1723.843 1708.939 1696.942 1682.833 1671.393 1662.004 1661.611 1654.75 1641.759 1629.159 1630.412 1646.238 1675.086 1706.759 1732.121 1744.372 1758.632 1774.756 1801.165 1837.705 1890.176 1929.058 1927.876 1894.05 1845.856 1799.736 1757.886 1727.63 1712.504 1703.891 1692.764 1679.473 1668.829 1664.271 1667.383 1674.263
