examples/Data/Jakobshavn_2008_2011_Composite/grids/jakobshavn_2008_2011_composite_thickness.txt
ncols         740
nrows         360
xllcorner     -230000
yllcorner     -2350000
cellsize      500
NODATA_value  -9999
[rows 308 to 335 of 360, columns 0 to 63 of 740]
0 0 0.08734131 0 0 0 0 0.5036926 0.8300171 0.9247437 0.2527771 0.3599548 0.2749634 0.5278931 0.3877563 0.4536743 0.3881531 2.11026 3.935425 16.88962 48.23318 91.51019 129.9221 152.465 173.5744 205.1899 241.6075 270.7116 281.6955 285.4073 284.2677 281.1764 272.2242 260.4747 248.3431 239.2534 235.6497 239.6141 251.0759 268.569 294.4982 331.4055 381.4906 426.6468 471.153 503.3236 533.1934 550.2207 561.4703 567.475 566.9254 556.9139 549.9183 556.4915 582.3469 616.1566 648.0026 674.9304 696.7034 737.5492 773.7039 801.9794 798.8736 787.9888
0 0 0 0 0 0 0 0 0.6236267 0.8795166 0.3987732 0.7025452 0.5451965 0.9988708 0.7354126 1.076691 0.7931213 2.049164 2.249573 11.92462 40.8233 82.87747 124.3145 157.6711 197.8305 244.2336 283.4785 302.0639 302.999 299.5896 297.0958 294.9872 288.3727 278.9485 268.5906 259.4225 254.5427 257.6457 271.5471 292.5785 322.6484 358.2017 398.8981 433.5441 469.5154 504.1348 538.3513 563.6124 580.8376 591.6735 592.0029 583.1013 575.1838 579.9877 600.0502 627.7057 655.3544 680.3389 701.7263 748.4509 790.475 824.7234 822.0121 811.4776
0 0 0 0 0 0 0 0 0 0 0.1483154 0.3337097 0.2561035 0.4372864 0.3108521 0.4463196 0.1982117 0 0 7.319427 33.896 72.83389 114.1207 159.8987 215.4562 273.9548 311.6298 324.8085 321.436 314.8878 309.3761 306.1243 301.7112 296.5762 291.574 285.8825 280.7153 282.5906 296.1743 318.745 345.5072 374.6265 405.6206 434.1609 466.0238 503.2997 542.8148 576.4022 601.0001 618.8629 623.8654 620.34 614.1552 617.3914 629.8282 648.943 670.3776 691.0251 709.9971 760.088 806.4725 846.3582 845.5095 837.7968
0 0 0 0 0 0 0 0 0 0 0.2256775 0.557251 0.4468384 0.8048096 0.5788269 0.9987793 0.6469727 0 0 3.231384 24.85666 59.1344 105.7912 165.0164 233.8205 295.7211 329.9348 340.3249 339.1038 332.0699 323.7322 317.3489 313.8442 311.8014 310.1883 309.2602 307.5594 312.3124 326.1494 346.5421 368.3674 388.455 409.9095 431.5334 460.0231 500.4881 546.2278 588.4601 618.9321 642.8348 651.3452 652.1901 648.0378 652.1129 661.1672 674.4215 690.2808 706.5143 734.5508 785.0685 833.2227 864.6736 866.4859 862.851
0 0 0 0 0 0 0 0 0 0 0.08047485 0.2116699 0.17453 0.3288269 0.2307739 0.3849487 0.2226868 0.3244934 2.661377 8.268341 26.89627 57.11655 107.5998 177.1109 252.0158 309.1844 337.6027 350.3484 354.7338 350.0773 338.2601 327.4783 322.6534 324.3961 329.248 335.9365 339.2974 348.1278 361.8431 379.2847 392.3008 400.7765 411.3324 426.0011 451.916 495.698 548.8651 599.4776 632.9592 659.8961 675.1467 683.4227 682.7388 684.7812 690.8167 700.3455 712.0128 724.6688 761.3157 809.9344 857.1331 877.8343 881.9874 881.8828
0 0 0 0 0 0 0 0 0 0.01455688 0.1943665 0.4598083 0.3763428 0.7557373 0.3495178 0.8813171 1.274109 3.013947 7.955994 18.15662 37.33417 66.89087 121.3106 197.4732 272.2324 321.7142 344.8946 361.8654 371.1298 367.3454 351.5764 336.095 329.3261 333.4315 346.6679 363.0262 375.9189 388.8413 403.0641 416.3751 421.3728 418.0185 417.7109 423.9938 445.08 491.2408 551.3257 610.095 644.355 669.3099 687.5051 701.7775 707.181 710.7206 716.0366 723.678 732.9632 743.3989 789.5736 836.0657 881.7292 890.407 895.922 897.5538
0 0 0 0 0 0 0 0 0.0249939 0.1144104 0.1096191 0.2372742 0 0.2929688 0.2557373 1.865143 3.62088 7.917572 15.39706 28.50296 47.73581 81.21875 141.9079 221.469 291.0059 332.6274 353.2792 373.3278 384.1531 380.0631 359.9556 341.9128 333.5091 342.5657 364.1903 392.4296 415.8768 435.4416 450.6609 463.3005 463.3775 454.3896 445.2472 446.2389 462.7176 504.7507 561.5201 618.4836 652.3002 675.0498 694.0587 711.6879 722.4863 729.4285 735.947 743.5309 751.9564 773.236 818.1549 863.807 897.156 906.0894 912.1139 913.8851
0 0 0 0 0 0 0 0 0 0.104126 0.1473694 0.4173889 0 0 0 3.548035 7.913818 15.017 24.3757 38.38815 57.01413 97.064 164.9786 245.5813 307.8797 342.6316 364.574 385.6544 396.5478 391.6582 370.9379 352.9525 344.409 356.1271 383.638 423.1029 457.4434 483.0696 500.0815 515.6459 517.3406 506.8264 490.5901 484.8347 494.7245 528.7662 577.502 627.6637 660.884 683.2347 702.2581 719.6973 733.0513 742.9927 751.5527 760.0822 769.0176 802.8888 848.8877 895.4797 917.3065 926.1259 931.8508 932.1321
0 0 0 0 0 0 0 0 0 0 0 0.07043457 0 0 0 5.09729 12.53299 21.67957 32.22217 46.26877 64.18286 110.533 186.2157 266.8857 322.2601 349.4912 372.1646 393.1968 405.4873 403.1937 386.6577 371.0172 365.3163 379.1508 409.1802 453.5464 493.1468 523.1559 541.5271 559.1669 564.1198 556.428 539.6555 532.1113 538.5654 563.0394 599.582 638.5288 669.5867 692.3365 711.1516 728.1036 742.4349 754.3846 764.7092 774.5791 784.2724 831.8165 879.7378 928.0334 938.3547 946.9928 952.2205 950.7968
0 0 0.5501251 0.5442963 0.02941895 0.07000732 0.08117676 0.06054688 0 0.06295776 0 0.1122437 0 0 0 4.457428 14.34918 26.07941 38.79736 53.20044 70.32938 122.8425 202.3462 283.2572 331.3533 354.5909 377.8101 400.1225 415.3085 417.2764 407.1839 394.606 392.7853 405.5414 436.9944 481.0997 521.9679 550.8083 568.1365 584.3132 591.7336 586.5045 573.5296 565.8291 570.381 590.1285 620.6064 653.9477 682.1264 703.929 721.8212 737.9116 752.4504 765.3337 776.9614 787.8503 811.5561 861.106 910.9236 947.5981 957.7216 966.0214 970.7684 968.1457
0 0 0.8590698 1.052216 0.1257782 0.1654968 0.1030579 0.1129761 0.02593994 0.07202148 0 0 0 0 0 3.796631 12.9007 24.16638 37.47449 52.22089 69.82083 129.8844 212.4721 294.5664 335.8891 357.4302 380.83 405.3486 423.8878 430.7031 425.6909 417.4402 420.0852 434.253 466.6491 507.0685 544.494 568.6654 582.3097 594.3698 600.8164 598.8962 593.1741 591.8124 599.319 616.851 642.0704 670.7399 696.6669 717.6453 734.4895 749.5369 763.6787 776.9183 789.2279 800.8069 838.5585 889.3807 940.2284 964.346 974.4565 982.7235 987.4694 985.0942
0.08198547 1.489151 1.841217 2.125168 0.6013336 0.8052368 0.4822235 0.5487671 0.2173157 0.2314758 0 0 0 0 0 1.967834 7.82605 16.74081 28.7178 42.11371 57.62622 115.7429 203.1248 290.5478 337.8879 359.6224 383.553 409.3544 429.4101 440.1882 439.7764 438.1745 444.586 461.5613 492.2587 529.6459 563.0062 584.2458 595.0172 603.6576 608.9471 609.5626 609.002 612.4089 622.8007 639.4624 661.7126 686.9161 711.5172 732.1357 748.5935 762.8091 776.2594 789.4639 802.2122 824.4379 876.2328 927.8762 969.2056 980.1541 990.1688 998.4733 1003.592 1002.419
-9999 -9999 -9999 -9999 -9999 -9999 -9999 -9999 -9999 -9999 -9999 -9999 -9999 -9999 -9999 -9999 -9999 -9999 -9999 -9999 44.05972 86.36038 169.1838 261.7336 328.9637 360.0009 384.7473 410.6905 431.5079 444.632 448.7221 455.4005 465.8989 486.2379 514.5712 550.8051 580.7043 599.0249 606.8256 613.3738 618.2035 620.4609 623.1003 629.6025 642.2813 658.8685 679.1482 701.7415 725.3707 746.2614 763.2642 777.1961 790.1141 802.9417 815.9345 852.1848 904.9102 957.145 985.2625 995.9017 1005.745 1014.225 1020.112 1020.889
-9999 -9999 -9999 -9999 -9999 -9999 -9999 -9999 -9999 -9999 -9999 -9999 -9999 -9999 -9999 -9999 -9999 -9999 -9999 -9999 34.02505 57.26024 116.0025 210.9187 300.2379 358.8363 386.1724 410.4969 430.5918 444.3466 452.3764 466.5374 481.317 504.9682 531.6173 567.467 595.4211 612.0424 618.0118 623.4705 628.3248 631.9211 636.5583 644.8342 658.4274 675.3075 694.5346 715.7138 738.3353 759.5527 777.4997 792.0264 804.7878 817.2382 831.1226 881.1097 934.3346 985.7621 1000.469 1010.88 1020.664 1029.492 1036.624 1040.541
-9999 -9999 -9999 -9999 -9999 -9999 -9999 -9999 -9999 -9999 -9999 -9999 -9999 -9999 -9999 -9999 -9999 -9999 -9999 -9999 33.58047 46.39735 79.29552 147.5072 247.5762 332.8743 386.6504 409.6023 428.2022 441.6819 453.4894 473.0675 493.1578 518.4169 546.3958 581.7385 609.4161 623.8344 628.58 633.6462 638.7921 643.4999 649.3618 658.5761 672.403 689.6307 708.1683 728.6151 750.1649 771.6922 790.5992 806.4604 819.8478 832.2101 858.6493 911.442 964.4028 1002.728 1014.284 1024.83 1034.781 1044.122 1052.668 1060.405
-9999 -9999 -9999 -9999 -9999 -9999 -9999 -9999 -9999 -9999 -9999 -9999 -9999 -9999 -9999 -9999 -9999 -9999 -9999 -9999 33.72824 47.41898 63.6299 105.6511 179.4978 281.7668 360.4506 407.7731 424.5823 438.1335 453.9979 476.5191 501.0584 527.8358 558.1528 593.2047 620.0422 633.7114 638.4081 643.5497 649.1458 654.8516 661.6468 671.2477 684.8627 701.9533 720.7552 740.6646 761.5301 782.7875 802.6956 820.0815 834.5234 849.2621 887.5856 938.7607 988.3831 1013.568 1025.549 1036.521 1046.791 1056.58 1066.345 1077.236
-9999 -9999 -9999 -9999 -9999 -9999 -9999 -9999 -9999 -9999 -9999 -9999 -9999 -9999 -9999 -9999 -9999 -9999 -9999 -9999 37.23624 52.56653 70.17615 87.87794 133.5546 224.603 324.7682 396.4439 420.6157 434.489 455.3322 479.6737 508.983 535.2652 569.2927 603.3248 629.9223 642.3092 647.3674 652.8856 659.0428 665.6057 672.8517 682.5049 695.8723 713.1047 732.415 751.8635 772.2551 792.922 813.801 832.5588 848.653 875.456 924.3732 973.5123 1010.061 1023.276 1035.668 1047.02 1057.628 1067.793 1078.234 1090.25
-9999 -9999 -9999 -9999 -9999 -9999 -9999 -9999 -9999 -9999 -9999 -9999 -9999 -9999 -9999 -9999 -9999 -9999 -9999 -9999 43.16556 58.54688 75.01839 91.97527 109.9332 172.4798 266.4008 362.8616 413.2541 432.555 456.9201 482.4599 513.1836 540.779 577.3589 611.7241 637.1707 649.6237 655.3676 661.4848 668.2938 675.6099 683.472 693.447 706.8218 723.847 743.1328 762.3132 782.62 803.0071 824.4597 844.1851 871.6893 910.5139 958.3672 996.1312 1020.213 1033.761 1046.557 1058.288 1069.216 1079.586 1090.023 1101.266
-9999 -9999 -9999 -9999 -9999 -9999 -9999 -9999 -9999 -9999 -9999 -9999 -9999 -9999 -9999 -9999 -9999 -9999 -9999 -9999 51.94504 68.33557 86.28354 104.3452 123.2742 159.3769 226.672 314.371 386.1945 429.8586 459.0068 485.3915 515.6393 544.0557 582.7966 617.2681 642.9073 655.6668 662.366 669.2569 676.7986 684.8608 693.2998 703.5293 716.8625 733.8536 752.9428 772.4041 792.1562 812.4927 833.8149 854.8646 894.6954 944.0428 991.8729 1018.459 1032.928 1046.82 1059.905 1071.97 1083.233 1093.741 1103.681 1112.996
-9999 -9999 -9999 -9999 -9999 -9999 -9999 -9999 -9999 -9999 -9999 -9999 -9999 -9999 -9999 -9999 -9999 -9999 -9999 -9999 66.8837 85.90793 105.4241 124.5431 144.8941 164.6828 206.1058 271.6605 349.4817 415.2343 458.7106 490.1095 516.876 548.4446 587.6276 623.1432 647.4943 660.5704 668.3698 676.1787 684.5258 693.3478 702.5992 713.1866 726.4431 742.8543 761.7593 781.659 801.5922 822.0529 843.1171 876.5938 928.8438 979.8309 1017.227 1033.417 1048.461 1062.893 1076.438 1088.803 1100.151 1110.306 1119.052 1126.109
-9999 -9999 -9999 -9999 -9999 -9999 -9999 -9999 -9999 -9999 -9999 -9999 -9999 -9999 -9999 -9999 -9999 -9999 -9999 -9999 87.14032 109.2437 131.2889 152.4601 173.7405 194.111 213.0643 252.2452 308.2963 384.824 444.7504 489.3408 518.3459 551.6511 591.0463 627.3287 651.3916 664.6064 673.5026 682.2898 691.4532 701.0527 711.1064 721.981 735.1262 751.2843 770.3695 790.5336 810.7699 831.1628 852.1819 898.6357 954.2885 1008.005 1035.123 1051.072 1066.766 1081.789 1095.935 1108.576 1119.797 1128.91 1135.471 1139.408
-9999 -9999 -9999 -9999 -9999 -9999 -9999 -9999 -9999 -9999 -9999 -9999 -9999 -9999 -9999 -9999 -9999 -9999 -9999 -9999 105.9023 130.2507 152.8223 174.0676 193.5318 212.3071 229.5221 250.3082 285.2321 342.6667 413.4662 476.6163 520.8086 559.0307 597.0912 632.6 655.0177 668.1484 677.9997 687.7291 697.7086 708.0838 718.8981 730.145 743.3843 759.0999 778.2386 798.5613 819.819 840.2316 876.1792 936.368 995.5616 1038.043 1054.79 1071.527 1088.038 1103.802 1118.418 1130.951 1141.108 1147.894 1150.781 1150.462
-9999 -9999 -9999 -9999 -9999 -9999 -9999 -9999 -9999 -9999 -9999 -9999 -9999 -9999 -9999 -9999 -9999 -9999 -9999 -9999 115.0246 139.6028 162.4738 183.7511 203.0583 221.0854 238.0719 254.7289 275.2355 310.9539 371.408 442.9392 507.8464 559.0816 602.125 636.744 658.6417 671.4932 682.1334 692.6838 703.3828 714.4947 725.9791 737.7084 751.0422 766.8196 785.63 806.2267 827.7908 865.7159 918.105 982.2821 1028.908 1059.647 1077.074 1094.587 1111.829 1128.356 1143.314 1155.245 1163.055 1165.662 1163.159 1157.123
-9999 -9999 -9999 -9999 -9999 -9999 -9999 -9999 -9999 -9999 -9999 -9999 -9999 -9999 -9999 -9999 -9999 -9999 -9999 -9999 117.2158 142.5066 165.8026 187.3474 206.8108 225.0065 242.1187 258.8832 274.8232 294.8986 334.9561 399.8455 478.5197 550.4521 605.0749 641.0869 662.3607 674.8033 686.0903 697.3285 708.6836 720.4575 732.5563 744.8069 758.3485 774.1622 792.8068 813.4861 835.1243 891.326 961.2468 1029.692 1062.744 1080.772 1098.98 1117.38 1135.537 1152.893 1167.854 1178.094 1182.086 1179.315 1171.021 1159.07
-9999 -9999 -9999 -9999 -9999 -9999 -9999 -9999 -9999 -9999 -9999 -9999 -9999 -9999 -9999 -9999 -9999 -9999 -9999 -9999 119.0158 144.1653 167.3426 188.7894 208.7664 227.5016 245.1795 261.9453 277.9127 293.1721 315.506 359.9455 431.1199 519.2096 595.031 643.282 666.1978 678.1266 689.9459 701.7532 713.6539 725.9985 738.6409 751.4672 765.1752 780.9667 799.3408 820.0477 860.8363 936.1204 1009.652 1062.732 1080.798 1099.497 1118.58 1137.953 1157.068 1174.998 1189.266 1196.983 1196.678 1188.752 1175.353 1158.282
-9999 -9999 -9999 -9999 -9999 -9999 -9999 -9999 -9999 -9999 -9999 -9999 -9999 -9999 -9999 -9999 -9999 -9999 -9999 -9999 124.2101 148.2989 170.7141 191.6126 211.1889 229.629 247.0919 263.7085 279.5849 294.8085 309.453 336.6685 391.4777 477.9581 571.3256 636.372 669.1417 681.4617 693.7151 705.988 718.3696 731.1952 744.306 757.6685 771.6069 787.3351 805.5853 846.3826 906.9153 984.5541 1040.553 1076.795 1095.479 1114.885 1134.831 1155.148 1175.198 1193.655 1206.753 1211.557 1207.198 1195.539 1178.771 1158.258
-9999 -9999 -9999 -9999 -9999 -9999 -9999 -9999 -9999 -9999 -9999 -9999 -9999 -9999 -9999 -9999 -9999 -9999 -9999 -9999 132.4019 154.7489 175.9229 195.9272 214.8372 232.7832 249.8798 266.2292 281.92 297.0286 311.6218 328.173 361.4406 427.7636 526.9593 613.8312 667.1434 684.7878 697.3888 710.0369 722.8099 736.0331 749.538 763.3438 777.4492 793.0852 832.2847 893.5899 974.21 1032.562 1070.022 1088.459 1107.691 1127.706 1148.408 1169.488 1190.176 1208.685 1220.434 1222.997 1215.965 1202.143 1183.239 1160.427
-9999 -9999 -9999 -9999 -9999 -9999 -9999 -9999 -9999 -9999 -9999 -9999 -9999 -9999 -9999 -9999 -9999 -9999 -9999 -9999 142.5468 162.8338 182.5034 201.3949 219.4707 236.7885 253.3978 269.3809 284.8027 299.7239 314.201 328.2869 349.4906 391.5555 477.8299 574.5645 652.392 685.7161 700.9488 713.8917 726.9769 740.5208 754.3482 768.5311 782.7449 798.3788 858.726 940.7656 1022.537 1060.856 1079 1097.951 1117.687 1138.236 1159.391 1180.918 1201.899 1220.406 1231.519 1233.023 1224.741 1209.938 1190.029 1165.988
