examples/Data/Jakobshavn_2008_2011_Composite/grids/jakobshavn_2008_2011_composite_surface.txt
ncols         740
nrows         360
xllcorner     -230000
yllcorner     -2350000
cellsize      500
NODATA_value  -9999
[rows 140 to 167 of 360, columns 320 to 383 of 740]
1855.171 1889.177 1914.029 1926.551 1931.636 1936.385 1940.612 1944.125 1947.058 1950.277 1953.203 1955.277 1955.883 1952.377 1950.958 1953.347 1961.535 1968.879 1972.55 1973.911 1972.384 1971.973 1974.241 1979.319 1988.797 1996.204 2002.423 2002.977 2002.976 2002.973 2002.965 2002.962 2002.979 2003.008 2003.035 2003.046 2003.051 2003.053 2002.301 2015.869 2036.55 2058.283 2065.948 2066.844 2067.767 2068.766 2069.602 2070.684 2071.439 2074.838 2078.16 2081.482 2081.975 2081.969 2081.959 2081.955 2052.083 2022.17 1992.236 1992.146 1992.153 1992.224 1992.234 1992.173
1838.636 1873.226 1904.281 1922.691 1929.598 1934.581 1939.112 1942.919 1947.296 1951.7 1955.283 1956.76 1956.905 1956.884 1956.861 1957.437 1960.087 1963.116 1962.307 1956.252 1951.669 1956.837 1969.839 1982.145 1991.973 1997.391 2001.654 2001.901 2001.897 2001.889 2001.863 2001.84 2001.856 2001.903 2001.951 2001.968 2001.974 2001.216 1999.796 2006.133 2021.193 2042.783 2056.806 2063.243 2064.172 2065.27 2066.242 2067.481 2068.352 2073.44 2078.05 2082.677 2082.82 2082.807 2082.781 2082.773 2053.305 2023.796 1994.25 1994.178 1994.2 1994.317 1994.329 1994.274
1826.309 1856.139 1890.762 1915.445 1926.641 1932.504 1937.29 1942.959 1948.947 1954.19 1956.832 1957.529 1957.529 1957.482 1957.43 1957.415 1958.535 1958.84 1952.437 1938.585 1930.917 1941.71 1965.553 1985.211 1994.938 1998.655 2000.986 2001.496 2001.288 2001.28 2001.252 2001.227 2001.243 2001.291 2001.341 2001.358 2000.694 1999.16 1997.057 1997.055 2006.71 2028.5 2048.93 2060.821 2061.379 2062.11 2062.864 2063.682 2064.463 2070.984 2077.239 2083.31 2083.322 2083.284 2083.218 2083.197 2053.718 2024.245 1994.747 1994.783 1994.854 1995.014 1995.028 1994.994
1821.588 1841.544 1874.672 1905.105 1921.868 1928.971 1931.888 1939.228 1947.837 1955.581 1957.052 1957.139 1957.14 1957.055 1956.961 1956.576 1957.409 1955.43 1943.558 1920.965 1911.668 1928.496 1961.524 1985.259 1994.631 1998.507 2001.295 2002.146 2001.812 2001.378 2001.347 2001.312 2001.31 2001.338 2001.374 2000.852 1999.438 1997.047 1995.468 1996.205 2000.715 2017.443 2037.435 2054.811 2059.789 2060.192 2060.358 2060.743 2061.177 2068.673 2075.896 2082.981 2082.994 2082.94 2082.847 2083.161 2063.758 2034.133 2004.155 1993.975 1994.167 1994.413 1994.595 1994.635
1829.283 1843.953 1873.121 1900.379 1914.971 1921.818 1924.483 1931.685 1942.107 1951.766 1955.209 1955.331 1955.333 1955.216 1953.944 1953.573 1955.326 1955.225 1943.933 1920.936 1911.558 1928.495 1961.633 1985.346 1994.632 1998.728 2002.032 2003.608 2003.28 2002.554 2002.031 2002.008 2002.005 2002.021 2001.579 2000.39 1998.098 1995.949 1994.808 1996.198 2000.701 2012.676 2029.175 2046.191 2055.468 2058.892 2058.814 2059.049 2059.243 2066.861 2074.196 2081.495 2081.499 2081.446 2081.792 2082.739 2073.756 2053.797 2023.263 2002.736 1992.899 1993.18 1993.385 1993.456
1855.797 1863.656 1881.756 1899.809 1909.666 1915.482 1917.831 1923.254 1932.122 1942.886 1949.076 1951.755 1951.755 1950.09 1948.246 1948.304 1952.789 1954.673 1944.113 1920.871 1911.316 1928.495 1961.87 1985.536 1994.635 1998.731 2002.538 2004.828 2005.239 2004.358 2003.498 2003.117 2003.114 2002.726 2001.649 1999.65 1997.385 1995.488 1994.799 1996.182 2000.669 2007.886 2020.906 2035.685 2049.185 2055.619 2057.284 2057.596 2057.741 2065.047 2071.994 2078.953 2078.953 2079.347 2080.532 2082.485 2083.831 2073.495 2052.033 2020.924 2000.825 1991.231 1991.554 2001.629
1879.813 1885.261 1894.926 1903.088 1906.907 1911.305 1915.39 1919.097 1924.918 1932.481 1940.283 1944.391 1944.691 1942.607 1941.305 1944.079 1951.086 1955.125 1944.572 1920.685 1911.242 1929.105 1963.104 1986.06 1994.642 1998.742 2002.549 2005.478 2006.555 2006.2 2005.092 2004.432 2004.029 2003.139 2001.352 1999.207 1997.047 1995.471 1994.773 1996.134 2000.584 2007.83 2017.429 2029.66 2041.951 2051.084 2054.885 2055.805 2056.472 2061.95 2068.28 2074.347 2075.858 2077.222 2079.667 2082.415 2084.001 2083.426 2071.486 2044.882 2014.292 1994.588 1996.486 2017.349
1897.427 1897.799 1899.772 1902.978 1906.862 1911.238 1915.42 1919.122 1921.857 1926.398 1931.265 1935.585 1936.158 1934.834 1936.362 1941.756 1950.97 1956.798 1943.849 1918.234 1905.184 1927.092 1962.749 1987.62 1994.655 1998.78 2002.607 2005.564 2007.199 2007.222 2006.341 2005.262 2004.374 2002.985 2001.087 1998.981 1997.042 1995.402 1994.653 1995.929 2000.274 2007.637 2017.333 2027.488 2038.168 2046.235 2051.417 2053.278 2054.784 2059.041 2064.433 2069.616 2072.719 2075.697 2079.296 2082.583 2084.151 2083.556 2081.117 2062.034 2030.34 2000.394 2004.166 2036.654
1897.397 1897.767 1899.751 1902.949 1906.849 1911.216 1915.423 1919.123 1921.875 1923.973 1925.695 1926.884 1927.774 1929.589 1934.223 1941.77 1950.997 1957.413 1944.208 1917.986 1904.975 1927.628 1963.873 1988.149 1994.661 1998.794 2002.624 2005.586 2007.231 2007.521 2006.596 2005.418 2004.055 2002.703 2000.904 1998.986 1997.043 1995.384 1994.625 1995.875 2000.182 2007.586 2017.308 2027.212 2036.669 2043.512 2048.256 2050.976 2053.743 2057.054 2061.516 2065.449 2070.159 2074.406 2079.22 2082.602 2084.181 2083.588 2080.677 2066.719 2034.029 2003.452 2010.22 2044.404
1898.107 1897.793 1899.769 1902.972 1906.859 1911.233 1915.422 1919.124 1921.865 1922.475 1921.37 1919.73 1920.358 1925.004 1932.478 1941.752 1950.966 1957.005 1943.903 1918.061 1905.613 1927.89 1963.768 1987.844 1994.658 1998.79 2002.619 2005.577 2007.213 2007.153 2005.961 2004.524 2003.497 2002.417 2000.878 1998.986 1997.045 1995.396 1994.642 1995.903 2000.231 2007.623 2017.341 2027.511 2036.126 2041.898 2045.274 2048.883 2052.718 2056.857 2059.841 2062.245 2065.574 2071.251 2077.541 2082.542 2084.117 2083.568 2079.957 2059.838 2025.995 1994.92 1999.972 2035.307
1902.771 1900.08 1899.862 1903.082 1906.904 1911.3 1915.393 1919.1 1920.385 1919.456 1916.662 1914.727 1915.08 1919.047 1928.312 1939.319 1950.866 1955.132 1944.611 1920.479 1912.604 1930.885 1965.123 1986.303 1994.645 1998.754 2002.564 2005.492 2004.947 2003.05 2000.887 2000.899 2000.371 1998.849 1998.015 1997.53 1997.051 1995.465 1994.761 1996.106 2000.537 2007.818 2017.887 2027.392 2034.881 2038.551 2040.927 2044.06 2049.173 2053.88 2057.038 2057.892 2059.621 2063.698 2071.827 2079.31 2083.918 2083.437 2068.887 2039.782 2005.604 1984.721 1987.872 2011.53
1910.121 1905.054 1902.309 1903.124 1906.923 1911.332 1915.39 1917.89 1917.759 1915.357 1912.982 1911.638 1911.675 1914.03 1920.744 1933.499 1947.435 1954.301 1944.08 1920.761 1914.021 1931.374 1964.826 1985.618 1994.636 1998.738 2002.547 1999.227 1992.378 1984.219 1981.912 1981.523 1981.324 1979.769 1979.404 1984.877 1990.832 1995.488 1994.798 1996.173 2002.143 2011.367 2022.082 2029.693 2033.877 2035.386 2036.101 2038.064 2043.506 2048.632 2052.275 2052.18 2052.296 2054.724 2060.904 2071.562 2079.834 2071.777 2046.433 2010.795 1987.878 1977.481 1977.585 1989.562
1916.276 1911.838 1906.729 1905.238 1906.929 1911.346 1914.388 1915.556 1913.901 1912.151 1910.99 1911.042 1911.04 1910.984 1914.32 1922.989 1939.454 1949.548 1943.888 1920.863 1914.513 1931.55 1964.717 1985.381 1994.633 1998.733 1993.475 1980.808 1964.431 1955.9 1952.392 1950.612 1950.352 1950.542 1952.692 1959.553 1974.313 1987.375 1994.808 1999.227 2007.299 2017.751 2025.745 2030.634 2032.914 2033.056 2033.219 2033.423 2035.938 2038.174 2040.957 2042.065 2042.148 2041.401 2043.496 2051.115 2053.318 2039.908 2010.614 1986.898 1975.474 1975.472 1975.545 1975.599
1918.817 1916.673 1913.097 1909.217 1908.757 1910.353 1912.024 1911.493 1910.358 1909.505 1909.604 1909.693 1909.69 1909.595 1909.499 1913.811 1924.818 1938.664 1937.87 1920.91 1914.733 1931.629 1964.669 1985.277 1994.631 1992.812 1981.33 1962.215 1947.402 1940.506 1937.849 1934.527 1934.292 1935.823 1938.419 1944.607 1958.601 1977.114 1994.156 2007.454 2018.277 2025.901 2029.461 2030.854 2030.875 2031.017 2031.278 2031.708 2027.602 2023.211 2018.235 2017.453 2017.417 2017.853 2018.68 2023.13 2019.655 2004.182 1984.502 1972.618 1972.694 1972.72 1972.797 1972.861
1918.668 1918.851 1917.195 1914.65 1911.041 1909.293 1907.761 1907.199 1906.559 1906.551 1906.547 1906.544 1906.542 1906.54 1906.545 1906.555 1912.13 1921.541 1926.072 1915.592 1914.848 1931.67 1964.643 1985.223 1992.943 1988.981 1975.082 1961.307 1952.404 1952.011 1950.965 1949.806 1949.804 1950.765 1952.04 1952.449 1960.483 1978.777 2001.682 2020.275 2028.299 2031.595 2031.15 2030.942 2030.894 2030.903 2030.878 2028.884 2018.695 2008.265 1998.724 1996.488 1996.423 1997.668 2000.023 2000.501 1990.319 1980.026 1969.743 1969.823 1969.892 1969.916 1969.923 1969.943
1919.143 1919.303 1919.42 1918.102 1912.965 1907.358 1903.124 1902.656 1902.642 1902.61 1902.52 1902.438 1902.437 1902.518 1902.607 1902.639 1902.653 1907.536 1910.967 1907.397 1912.501 1931.694 1964.628 1985.265 1992.585 1987.725 1981.627 1976.386 1976.636 1977.025 1977.725 1978.554 1978.702 1978.135 1977.304 1976.96 1976.971 1991.04 2009.884 2028.762 2033.576 2033.525 2032.906 2032.201 2031.552 2031.179 2031.028 2028.037 2018.381 2008.467 2000.523 1998.396 1998.379 1999.565 2001.813 2002.194 1991.208 1980.139 1969.033 1969.026 1969.039 1969.052 1969.034 1968.99
1919.485 1919.629 1919.73 1919.581 1912.88 1906.17 1899.651 1899.64 1899.619 1899.567 1899.402 1899.253 1899.253 1899.406 1899.567 1899.619 1899.64 1899.65 1901.61 1899.715 1910.707 1932.354 1964.355 1984.327 1990.508 1990.202 1989.062 1989.302 1989.621 1990.291 1991.532 1993.032 1993.171 1992.244 1990.858 1990.408 1990.378 2003.435 2016.905 2030.543 2031.411 2032.082 2032.617 2032.963 2033.084 2032.79 2032.422 2030.596 2027.297 2024.077 2022.428 2022.377 2022.485 2022.474 2022.569 2022.466 2004.813 1987.188 1969.577 1969.59 1969.769 1969.95 1970.067 1970.01
1919.258 1919.091 1919.113 1918.901 1913.454 1906.637 1900.082 1898.801 1898.783 1898.737 1898.58 1898.437 1898.437 1898.583 1898.736 1898.782 1898.8 1898.809 1898.814 1898.101 1912.911 1936.665 1966.782 1981.843 1987.96 1988.431 1988.441 1988.61 1988.788 1989.122 1989.371 1989.661 1989.839 1989.953 1990.016 1990.031 1990.182 2001.978 2014.132 2026.406 2027.296 2028.122 2029.02 2029.888 2030.727 2031.325 2031.894 2035.556 2039.346 2043.117 2044.288 2045.785 2045.927 2045.036 2043.501 2043.095 2019.167 1995.33 1971.532 1971.498 1971.52 1971.518 1971.518 1971.459
1918.18 1917.68 1917.37 1916.874 1913.766 1908.281 1903.079 1900.73 1900.716 1900.682 1900.565 1900.457 1900.456 1900.564 1900.678 1900.713 1900.726 1900.733 1900.737 1906.909 1924.612 1947.603 1968.029 1977.549 1981.781 1982.408 1982.413 1982.423 1982.444 1982.618 1982.829 1983.057 1983.214 1983.449 1983.668 1983.807 1983.83 1996.186 2008.838 2021.803 2022.719 2023.67 2024.718 2025.652 2026.507 2027.238 2028.121 2036.863 2045.244 2053.296 2053.244 2053.277 2053.235 2053.162 2053.068 2053.038 2026.899 2000.767 1974.637 1974.634 1974.66 1974.679 1974.693 1974.679
1915.873 1915.475 1915.049 1914.496 1913.663 1910.2 1906.979 1904.416 1904.418 1904.421 1904.418 1904.413 1904.412 1904.415 1904.418 1904.415 1904.413 1904.413 1909.467 1921.288 1941.299 1957.892 1969.542 1973.664 1976.417 1977.348 1977.617 1977.618 1977.622 1977.628 1977.657 1977.694 1977.822 1978.049 1978.283 1978.428 1978.455 1991.084 2004.007 2017.234 2018.11 2019.074 2020.207 2021.197 2022.111 2022.867 2023.812 2034.846 2045.49 2055.832 2055.79 2055.835 2055.794 2055.714 2055.608 2055.556 2029.449 2003.348 1977.266 1977.25 1977.17 1977.04 1976.915 1976.856
1913.14 1912.468 1911.456 1910.496 1909.865 1909.217 1908.798 1908.623 1908.641 1908.682 1908.795 1908.894 1908.893 1908.79 1908.68 1908.64 1908.622 1912.672 1922.359 1939.412 1953.967 1964.526 1968.361 1971.338 1972.829 1973.969 1974.407 1974.693 1974.687 1974.67 1974.595 1974.522 1974.523 1974.694 1974.879 1975.007 1975.59 1987.73 2000.21 2012.518 2013.638 2014.788 2016.014 2016.984 2017.801 2018.416 2019.237 2032.177 2044.853 2057.206 2057.226 2057.261 2057.223 2057.156 2057.066 2057.02 2031.32 2005.627 1979.958 1979.966 1980.054 1980.09 1980.082 1979.986
1908.371 1907.458 1906.147 1904.907 1902.687 1901.591 1904.362 1908.737 1912.252 1912.299 1912.437 1912.56 1912.559 1912.433 1912.298 1912.253 1915.316 1923.031 1937.087 1949.854 1959.541 1964.529 1968.367 1970.758 1971.547 1971.752 1972.403 1973.019 1973.572 1973.555 1973.494 1973.433 1973.432 1973.489 1973.553 1973.571 1974.872 1986.164 1997.812 2008.449 2009.384 2010.352 2011.455 2012.462 2013.474 2014.387 2015.397 2029.709 2043.705 2057.413 2057.454 2057.502 2057.502 2057.462 2057.409 2057.374 2032.294 2007.218 1982.164 1982.17 1982.247 1982.285 1982.291 1982.22
1902.008 1900.429 1898.68 1896.821 1893.984 1892.721 1895.872 1903.958 1910.976 1914.372 1914.492 1914.599 1914.598 1914.487 1914.371 1916.633 1922.771 1934.145 1945.205 1954.206 1959.545 1964.534 1968.377 1970.77 1971.174 1970.765 1970.75 1971.779 1972.972 1973.656 1973.642 1973.63 1973.631 1973.645 1973.659 1974.06 1975.791 1985.07 1994.884 2003.779 2005.441 2006.606 2007.669 2008.667 2009.524 2010.315 2014.374 2029.844 2045.07 2056.786 2056.816 2056.851 2056.851 2056.821 2056.781 2057.949 2042.832 2018.841 1993.685 1984.822 1984.846 1984.864 1984.871 1984.865
1893.99 1892.677 1891.451 1889.955 1887.423 1885.161 1887.457 1894.922 1905.311 1911.919 1914.863 1914.929 1914.928 1914.859 1916.466 1921.174 1930.52 1939.946 1948.429 1954.083 1959.66 1964.651 1968.503 1970.793 1971.193 1970.267 1969.676 1969.913 1971.767 1973.178 1974.154 1974.186 1974.188 1974.161 1974.48 1975.236 1976.808 1982.487 1990.634 1998.296 2001.692 2002.606 2003.54 2004.616 2005.648 2009.69 2017.441 2032.459 2045.399 2054.299 2055.584 2055.599 2055.601 2055.594 2056.376 2058.907 2054.279 2038.144 2012.703 1994.415 1986.751 1986.695 1986.653 1986.698
1887.825 1886.924 1886.53 1885.786 1884.968 1883.94 1884.104 1888.582 1896.732 1906.363 1911.941 1913.896 1913.896 1914.797 1918.314 1925.653 1934.386 1942.255 1948.426 1954.083 1959.771 1964.77 1968.639 1970.84 1971.231 1970.307 1969.089 1968.488 1969.351 1971.358 1973.198 1974.225 1974.227 1974.466 1975.244 1976.48 1977.547 1979.968 1984.849 1991.564 1996.615 1999.259 2000.196 2002.224 2005.748 2013.155 2023.848 2035.842 2045.276 2050.837 2053.182 2053.96 2054.009 2054.851 2056.641 2060.721 2065.521 2059.155 2039.03 2011.427 1993.992 1988.014 1987.957 1998.652
1884.339 1884.521 1884.893 1885.096 1884.651 1883.949 1884.121 1885.607 1891.19 1899.217 1907.187 1911.145 1912.316 1914.872 1920.501 1928.238 1935.926 1942.246 1948.417 1954.076 1959.877 1964.897 1968.808 1970.804 1971.067 1969.692 1968.587 1967.141 1967.336 1968.548 1970.997 1972.752 1973.307 1974.163 1975.685 1977.144 1977.946 1978.294 1980.957 1985.63 1991.128 1994.742 1997.623 2002.007 2008.865 2019.094 2028.773 2037.236 2042.8 2047.437 2050.694 2052.088 2053.162 2055.064 2057.959 2061.802 2066.805 2069.967 2060.082 2036.615 2009.675 1994.119 1999.938 2020.96
1883.573 1885.033 1885.56 1885.651 1884.839 1884 1884.109 1885.656 1888.847 1895.083 1901.915 1907.62 1910.732 1915.225 1921.578 1929.088 1935.926 1942.086 1948.322 1953.954 1959.783 1964.859 1968.892 1970.874 1970.818 1969.247 1968.045 1966.746 1965.823 1966.269 1968.232 1970.396 1971.368 1973.197 1975.519 1977.437 1977.884 1978.194 1978.866 1981.76 1985.886 1991.215 1996.591 2004.026 2013.751 2023.26 2031.398 2037.326 2042.01 2045.818 2048.84 2051.063 2053.459 2056.376 2059.085 2062.295 2066.616 2072.568 2072.518 2059.254 2035.509 2020.713 2026.814 2052.866
1884.273 1886.725 1887.454 1887.452 1886.543 1886.091 1886.503 1888.099 1890.805 1895.081 1900.621 1906.078 1910.942 1916.377 1922.695 1929.43 1935.514 1941.115 1946.619 1951.475 1956.498 1961.111 1965.125 1967.536 1968.191 1967.264 1955.316 1953.88 1953.087 1963.802 1965.263 1966.855 1968.615 1971.121 1973.797 1975.75 1976.106 1976.192 1976.442 1977.622 1980.402 1985.573 1993.381 2003.151 2013.331 2021.988 2029.028 2034.558 2039.14 2042.722 2046.073 2048.799 2052.238 2055.305 2058.191 2061.283 2065.79 2069.996 2063.961 2052.679 2037.133 2038.579 2053.471 2072.804
