examples/Data/Jakobshavn_2008_2011_Composite/grids/jakobshavn_2008_2011_composite_thickness.txt
ncols         740
nrows         360
xllcorner     -230000
yllcorner     -2350000
cellsize      500
NODATA_value  -9999
[rows 112 to 139 of 360, columns 640 to 703 of 740]
2695.871 2699.751 2705.648 2728.697 2765.059 2795.756 2820.226 2835.662 2850.761 2865.795 2897.489 2941.724 2993.051 3033.262 3060.16 3086.269 3118.055 3152.119 3160.442 3141.51 3101.526 3058.663 3015.806 2974.184 2934.598 2898.323 2866.005 2839.413 2818.078 2800.88 2783.592 2764.62 2746.046 2739.216 2747.868 2770.502 2796.736 2821.959 2842.779 2858.157 2868.947 2869.934 2857.143 2838.16 2836.879 2857.431 2881.205 2890.205 2885.304 2877.623 2868.079 2857.737 2847.901 2837.321 2825.88 2813.383 2802.41 2791.752 2779.597 2764.805 2747.976 2730.487 2713.907 2699.856
2716.448 2719.899 2727.648 2755.986 2800.448 2839.519 2862.161 2874.616 2886.131 2915.241 2959.898 3013.841 3063.954 3096.236 3109.8 3106.304 3106.603 3111.067 3117.128 3103.944 3075.342 3034.072 2993.622 2954.85 2918.225 2884.433 2854.736 2829.133 2806.847 2785.277 2763.854 2743.27 2727.772 2722.515 2730.274 2748.641 2772.201 2796.161 2817.906 2835.309 2848.362 2849.903 2837.066 2816.271 2812.433 2831.393 2857.052 2869.106 2865.675 2855.302 2841.62 2825.958 2811.529 2799.148 2789.675 2782.354 2776.557 2770.477 2762.808 2753.045 2741.739 2730.05 2719.176 2710.247
2732.087 2736.966 2745.548 2777.181 2827.278 2863.428 2882.474 2889.761 2913.169 2951.798 3002.057 3048.118 3087.736 3107.948 3109.197 3092.735 3070.138 3054.703 3045.468 3044.725 3030.901 3005.141 2968.137 2932.717 2899.235 2869.092 2842.021 2817.686 2793.416 2769.109 2744.812 2722.598 2705.887 2700.584 2708.904 2728.116 2751.434 2774.749 2795.906 2814.369 2828.552 2830.75 2817.685 2795.281 2789.754 2809.036 2835.259 2847.88 2840.451 2825.927 2806.559 2784.767 2762.959 2748.396 2742.869 2744.837 2747.228 2747.717 2745.643 2741.186 2735.318 2728.928 2722.897 2717.856
2743.099 2749.323 2760.118 2793.262 2836.839 2867.168 2879.971 2898.036 2929.506 2970.94 3008.637 3037.286 3057.935 3063.869 3057.354 3038.902 3016.55 2991.087 2973.768 2965.963 2969.299 2960.531 2940.164 2908.405 2879.316 2852.769 2828.417 2803.682 2778.494 2752.764 2727.5 2703.206 2682.772 2676.675 2686.697 2709.938 2734.904 2757.739 2777.763 2794.805 2809.417 2811.884 2799.786 2775.96 2775.915 2795.295 2821.611 2825.665 2813.882 2795.226 2772.327 2745.828 2718.743 2702.963 2700.944 2710.524 2720.045 2726.633 2729.868 2730.199 2728.649 2727.008 2725.166 2723.745
2753.927 2761.332 2773.881 2798.243 2833.032 2854.756 2874.746 2900.857 2935.529 2964.129 2982.077 2988.607 2987.227 2981.73 2973.998 2963.658 2949.441 2930.983 2908.395 2894.811 2891.775 2900.788 2897.631 2883.789 2858.998 2836.014 2812.263 2787.836 2762.818 2738.242 2714.012 2690.671 2671.104 2665.969 2676.708 2700.144 2724.46 2746.138 2763.862 2778.456 2790.65 2793.234 2781.422 2768.524 2774.11 2794.549 2808.733 2804.46 2788.805 2768.695 2744.26 2716.683 2689.913 2674.893 2674.488 2686.137 2699.162 2709.817 2717.126 2721.279 2723.134 2725.046 2726.785 2724.549
2764.375 2776.513 2786.846 2801.428 2820.189 2844.157 2868.798 2899.448 2924.271 2937.796 2937.336 2924.791 2905.779 2891.669 2885.373 2884.886 2880.619 2870.521 2855.031 2835.372 2825.454 2826.872 2842.205 2846.226 2838.711 2816.868 2794.106 2770.66 2747.872 2725.745 2704.609 2685.521 2671.351 2669.211 2679.549 2699.234 2719.93 2738.582 2753.798 2765.168 2774.563 2777.417 2773.468 2771.709 2782.029 2793.873 2796.453 2784.464 2768.306 2747.804 2723.345 2696.693 2672.431 2658.951 2659.239 2670.634 2685.035 2698.094 2708.235 2715.243 2719.474 2723.247 2727.434 2727.344
2774.652 2792.406 2806.746 2811.004 2821.352 2837.915 2865.51 2888.852 2902.393 2902.708 2888.981 2864.156 2833.876 2814.362 2809.466 2816.056 2819.19 2815.594 2805.726 2791.049 2773.007 2777.036 2794.572 2816.132 2813.366 2796.038 2774.522 2753.607 2733.46 2714.361 2697.075 2683.271 2676.068 2677.783 2687.627 2702.277 2718.185 2733.057 2745.461 2754.766 2761.354 2764.453 2764.834 2773.301 2781.754 2788.058 2780.908 2768.98 2753.043 2732.92 2708.994 2682.926 2659.047 2646.41 2647.844 2660.886 2676.81 2691.552 2703.561 2712.571 2718.814 2724.331 2729.928 2731.038
2781.549 2804.698 2822.707 2832.967 2834.522 2843.051 2856.782 2871.786 2875.748 2867.53 2847.537 2817.813 2783.52 2761.803 2756.689 2764.938 2770.449 2769.617 2762.804 2751.354 2747.593 2752.884 2771.534 2781.828 2783.636 2770.761 2754.828 2736.458 2718.969 2702.76 2688.55 2677.696 2672.496 2675.977 2686.487 2700.905 2714.901 2727.41 2737.777 2745.577 2750.85 2754.405 2759.315 2765 2770.99 2772.221 2768.084 2757.852 2742.875 2723.92 2701.216 2676.043 2652.179 2640.144 2642.604 2657.364 2674.301 2689.902 2702.936 2713.179 2721.554 2728.62 2735.094 2739.833
2787.03 2809.69 2833.95 2849.996 2856.499 2852.649 2852.105 2851.494 2849.08 2836.928 2816.199 2788.355 2757.284 2736.39 2728.828 2732.345 2734.433 2732.173 2725.573 2725.683 2735.044 2753.845 2761.436 2759.952 2750.14 2742.789 2732.207 2718.987 2704.031 2690.448 2678.738 2669.715 2665.072 2669.205 2680.582 2696.151 2710.032 2721.61 2730.808 2737.145 2741.409 2744.493 2747.28 2750.563 2754.387 2757.746 2757.071 2750.442 2737.883 2721.035 2700.772 2678.278 2656.981 2646.245 2648.564 2662.125 2678.073 2693.229 2706.362 2717.812 2727.861 2736.903 2743.604 2748.253
2790.776 2811.177 2832.91 2854.469 2866.704 2867.402 2852.722 2838.048 2823.236 2810.673 2793.037 2771.839 2749.532 2731.602 2719.764 2713.289 2707.553 2700.839 2699.349 2709.812 2731.459 2745.118 2744.396 2730.761 2720.221 2712.404 2706.541 2698.213 2688.073 2677.467 2668.516 2661.943 2658.766 2663.582 2675.443 2691.654 2705.835 2717.017 2724.775 2729.736 2733.005 2736.314 2739.611 2742.026 2744.103 2746.239 2747.68 2745.11 2736.944 2723.604 2706.809 2688.47 2672.129 2663.175 2664.214 2673.708 2686.975 2700.663 2713.895 2726.216 2737.73 2747.104 2754.021 2758.305
2791.365 2809.237 2828.479 2848.084 2865.93 2870.758 2859.71 2832.228 2806.941 2786.626 2773.278 2759.945 2747.891 2733.229 2716.439 2698.375 2683.87 2677.812 2680.989 2701.36 2718.129 2726.345 2717.074 2705.219 2693.718 2685.193 2679.071 2674.95 2669.43 2663.54 2658.479 2656.197 2657.775 2665.139 2677.404 2692.09 2705.122 2714.537 2720.453 2723.648 2726.513 2729.793 2733.626 2736.718 2738.617 2740.11 2741.518 2741.669 2738.286 2729.985 2717.462 2702.181 2687.399 2678.866 2679.074 2687.26 2698.705 2711.574 2724.864 2738.016 2749.557 2758.99 2765.904 2770.718
2788.709 2803.74 2821.504 2839.741 2854.916 2864.203 2857.234 2835.117 2800.461 2771.999 2752.504 2742.866 2735.44 2721.781 2701.516 2677.104 2663.904 2660.764 2669.958 2684.158 2696.042 2698.542 2690.661 2680.411 2670.454 2660.983 2654.275 2650.115 2648.519 2647.224 2647.537 2650.678 2658.059 2669.292 2683.005 2696.716 2707.755 2714.899 2718.392 2720.263 2721.95 2724.688 2728.557 2732.783 2736.369 2738.355 2740.118 2741.494 2742.2 2739.458 2732.258 2720.503 2706.664 2697.73 2696.527 2703.133 2713.185 2725.263 2738.729 2751.559 2763.002 2772.394 2779.91 2785.271
2782.223 2794.539 2811.441 2829.179 2842.202 2847.472 2845 2828.779 2801.627 2765.847 2737.574 2719.364 2708.89 2693.705 2671.09 2654.316 2647.016 2650.367 2652.194 2661.192 2668.474 2671.988 2665.472 2656.795 2648.255 2639.999 2632.611 2627.874 2626.438 2628.72 2634.268 2643.525 2656.214 2672.226 2689.281 2704.111 2713.954 2718.602 2720.215 2719.764 2719.053 2719.853 2723.852 2730.037 2736.037 2740.171 2742.987 2745.995 2748.996 2750.243 2749.697 2744.081 2734.252 2724.457 2720.107 2723.459 2730.786 2741.616 2754.068 2766.527 2777.83 2787.794 2796.027 2802
2770.673 2780.413 2797.881 2816.749 2828.562 2830.18 2823.742 2813.899 2794.113 2765.394 2729.167 2700.595 2679.108 2659.719 2644.124 2635.497 2634.771 2632.115 2629.157 2634.459 2643.06 2647.444 2642.355 2635.357 2628.25 2620.957 2613.964 2608.356 2606.136 2609.133 2619.471 2636.173 2656.532 2679.226 2700.478 2716.766 2724.959 2727.443 2726.508 2722.64 2717.069 2714.608 2719.112 2728.863 2738.424 2744.542 2748.992 2754.43 2760.753 2763.695 2766.635 2769.47 2769.266 2762.681 2752.848 2748.539 2751.064 2759.086 2770.493 2782.721 2794.501 2805.099 2814.203 2820.912
2752.312 2760.427 2780.932 2803.21 2815.12 2812.997 2803.063 2791.642 2779.177 2756.475 2726.132 2692.308 2667.066 2645.219 2630.143 2622.171 2614.782 2609.188 2604.171 2612.175 2622.177 2626.763 2623.162 2618.024 2612.629 2606.18 2599.048 2593.188 2589.336 2591.722 2605.521 2631.802 2663.038 2694.738 2720.918 2737.552 2742.917 2741.837 2738.179 2729.549 2716.56 2708.67 2714.441 2730.641 2745.48 2752.63 2757.234 2765.292 2776.337 2782.51 2786.6 2795.056 2802.644 2800.178 2785.727 2773.691 2771.116 2776.902 2787.897 2800.992 2813.279 2824.245 2834.229 2841.862
2728.056 2736.287 2762.63 2790.421 2803.76 2797.311 2784.867 2773.404 2762.042 2742.44 2717.389 2690.825 2670.663 2646.828 2626.165 2603.916 2591.611 2586.48 2591.579 2599.919 2610.996 2613.713 2611.727 2608.38 2605.066 2599.628 2592.117 2586.532 2581.081 2581.556 2598.137 2635.593 2680.078 2721.843 2752.326 2767.491 2767.362 2761.435 2755.6 2742.948 2720.218 2704.471 2712.487 2738.526 2760.309 2766.574 2769.536 2779.776 2797.038 2808.466 2812.592 2822.086 2830.191 2829.271 2811.857 2796.09 2791.441 2796.604 2808.574 2823.025 2835.206 2845.338 2855.392 2863.844
2710.296 2719.482 2748.274 2778.488 2793.902 2788.055 2776.424 2765.439 2754.543 2734.307 2713.256 2689.948 2674.992 2651.578 2625.599 2597.988 2583.24 2585.641 2595.966 2605.081 2614.506 2616.559 2615.292 2613.25 2611.648 2607.83 2601.705 2597.745 2593.437 2595.215 2614.57 2657.251 2707.127 2752.864 2784.927 2798.836 2795.539 2786.307 2778.286 2762.999 2736.103 2717.286 2726.179 2756.205 2781.498 2789.103 2793.435 2806.596 2827.763 2841.853 2845.625 2851.422 2853.456 2851.057 2835.846 2825.053 2821.964 2826.844 2837.917 2851.821 2862.498 2869.967 2876.139 2881.563
2702.825 2713.152 2740.037 2768.313 2784.893 2783.702 2776.267 2767.203 2756.887 2737.854 2711.01 2686.096 2667.406 2643.888 2620.429 2600.563 2597.077 2604.404 2615.034 2625.229 2633.605 2636.083 2635.171 2634.002 2633.912 2632.567 2629.874 2629.651 2629.907 2636.089 2657.61 2698.762 2745.464 2787.71 2817.11 2829.407 2825.565 2815.51 2806.012 2790.462 2765.761 2749.06 2757.243 2784.727 2809.372 2819.99 2828.651 2845.297 2867.567 2877.455 2875.538 2870.426 2863.061 2857.227 2849.442 2852.845 2858.065 2864.462 2870.982 2879.502 2885.425 2888.628 2890.196 2891.49
2705.835 2716.573 2737.247 2759.458 2775.242 2780.448 2778.824 2772.804 2763.839 2741.413 2711.007 2679.301 2655.464 2632.416 2615.293 2613.659 2620.217 2633.306 2639.596 2653.306 2662.248 2668.274 2667.911 2667.803 2669.212 2671.133 2673.727 2678.666 2686.309 2698.951 2721.826 2755.181 2791.46 2823.932 2846.621 2857.85 2856.536 2848.559 2837.581 2823.142 2806.182 2796.286 2802.174 2820.859 2840.778 2855.69 2870.178 2888.698 2906.322 2903.403 2888.987 2870.57 2858.684 2852.738 2850.588 2862.339 2876.516 2888.474 2894.622 2896.886 2897.953 2897.31 2894.441 2891.174
2708.952 2719.809 2735.752 2752.573 2765.903 2773.531 2775.999 2774.19 2759.921 2733.372 2699.827 2675.661 2655.514 2634.924 2617.16 2617.824 2631.598 2650.403 2663.037 2679.47 2692.943 2702.595 2705.053 2706.798 2710.548 2716.136 2723.869 2734.546 2744.633 2758.639 2778.701 2807.938 2837.736 2861.364 2875.548 2880.393 2881.072 2877.481 2870.863 2859.317 2847.783 2842.114 2846.234 2858.778 2874.46 2889.996 2905.684 2921.147 2927.898 2914.201 2889.619 2863.789 2848.452 2840.19 2840.394 2852.243 2871.407 2888.19 2896.992 2896.866 2894.72 2891.974 2888.24 2883.834
2711.052 2721.525 2734.216 2747.025 2757.602 2764.634 2768.558 2760.557 2740.758 2709.754 2687.381 2673.278 2663.427 2647.153 2628.63 2624.433 2633.583 2656.979 2678.496 2703.106 2722.399 2736.244 2742.521 2746.868 2753.497 2762.753 2774.929 2782.968 2790.19 2800.202 2821.111 2847.366 2872.614 2889.121 2895.827 2893.602 2890.426 2890.396 2892.279 2890.94 2886.169 2882.452 2885.081 2893.441 2905.114 2918.016 2929.736 2938.171 2934.484 2914.353 2884.688 2855.074 2834.183 2822.746 2822.116 2832.206 2850.918 2869.136 2881.965 2884.534 2883.596 2880.773 2876.755 2871.865
2712.705 2722.292 2732.572 2742.466 2750.728 2756.617 2751.303 2734.831 2706.846 2685.522 2671.836 2666.536 2659.237 2647.454 2635.143 2627.708 2634.955 2654.773 2686.741 2720.177 2749.948 2768.048 2778.49 2785.765 2795.365 2807.913 2817.222 2822.093 2825.316 2837.292 2858.344 2881.015 2898.913 2908.39 2910.171 2904.971 2899.421 2898.32 2904.732 2911.743 2915.689 2915.618 2916.747 2921.624 2928.908 2936.575 2942.142 2941.837 2929.523 2906.881 2875.992 2844.114 2814.355 2798.33 2799.455 2813.502 2831.711 2847.479 2859.844 2866.296 2868.231 2866.988 2863.105 2857.95
2711.455 2722.665 2730.929 2738.585 2744.951 2740.587 2725.264 2698.809 2678.53 2664.29 2656.301 2646.177 2634.127 2624.323 2620.625 2625.831 2637.568 2657.569 2686.926 2729.351 2769.208 2798.201 2812.059 2822.229 2834.496 2847.101 2855.84 2859.268 2866.148 2880.911 2901.336 2915.54 2921.153 2922.233 2921.217 2918.999 2913.485 2910.966 2915.258 2926.34 2935.248 2939.012 2939.114 2940.819 2943.372 2946.038 2945.177 2938.268 2922.066 2897.153 2864.425 2826.597 2789.117 2770.183 2773.254 2793.998 2813.964 2828.965 2839.4 2846.606 2851.062 2851.865 2849.172 2843.72
2707.005 2719.614 2729.38 2735.182 2731.041 2716.438 2691.023 2672.144 2659.144 2651.335 2639.173 2622.313 2602.572 2593.561 2599.327 2619.758 2642.565 2664.622 2691.662 2728.31 2776.871 2816.383 2842.908 2855.582 2871.085 2886.015 2895.921 2905.321 2916.014 2931.473 2941.569 2943.636 2936.38 2930.243 2928.476 2931.845 2932.584 2930.186 2929.484 2934.309 2941.675 2947.144 2947.595 2947.705 2948.257 2947.691 2943.172 2931.084 2911.367 2884.269 2851.223 2813.935 2777.893 2759.121 2761.217 2780.024 2799.324 2813.984 2823.641 2829.865 2833.939 2836.177 2834.818 2830.187
2699.004 2712.89 2724.356 2723.195 2708.709 2683.957 2666.545 2655.794 2650.968 2642.2 2628.543 2609.703 2588.885 2582.354 2594.288 2622.653 2652.051 2678.762 2702.198 2731.927 2771.707 2820.909 2859.447 2886.813 2904.179 2919.53 2932.841 2943.681 2953.509 2959.24 2957.824 2949.448 2934.861 2924.738 2922.521 2927.814 2932.925 2934.821 2933.707 2933.99 2935.867 2939.994 2942.097 2944.876 2946.282 2945.332 2937.772 2923.685 2903.18 2877.527 2847.309 2814.538 2784.329 2767.605 2767.427 2780.342 2795.264 2807.27 2814.835 2818.522 2820.112 2820.599 2820.069 2817.762
2690.936 2699.442 2704.484 2697.359 2677.343 2660.843 2652.13 2650.505 2646.449 2639.074 2627.739 2612.666 2597.447 2595.455 2610.197 2639.183 2669.49 2697.323 2721.891 2743.219 2772.928 2811.951 2862.877 2903.655 2932.584 2946.628 2956.226 2961.821 2962.684 2958.241 2948.238 2933.982 2918.304 2908.305 2906.351 2911.252 2916.851 2920.551 2921.741 2921.164 2921.107 2922.661 2927.927 2934.766 2940.232 2939.184 2931.104 2917.028 2898.531 2875.875 2849.87 2822.591 2798.462 2784.058 2781.802 2788.915 2798.662 2806.736 2811.467 2812.584 2810.825 2808.048 2805.631 2805.337
2674.344 2684.295 2691.287 2682.236 2663.062 2647.718 2648.483 2648.151 2646.262 2642.31 2636.181 2628.689 2622.973 2626.723 2642.226 2667.43 2694.72 2720.829 2744.523 2765.43 2783.474 2821.07 2869.932 2920.884 2946.31 2955.203 2956.063 2953.508 2946.574 2935.97 2922.703 2908.334 2895.492 2887.089 2884.64 2887.122 2891.968 2896.659 2899.908 2901.633 2902.698 2906.438 2913.74 2923.976 2930.456 2930.683 2923.65 2912.002 2896.439 2877.459 2855.816 2832.944 2811.839 2798.92 2795.83 2800.492 2806.3 2810.366 2811.698 2810.109 2805.762 2799.746 2794.414 2791.84
2660.926 2675.415 2687.382 2684.001 2666.463 2653.187 2647.301 2648.977 2650.072 2650.522 2650.697 2651.721 2655.792 2665.196 2680.927 2701.658 2724.799 2747.856 2769.259 2788.203 2814.518 2848.038 2891.517 2923.718 2943.294 2945.939 2942.107 2933.262 2921.196 2907.145 2892.126 2877.818 2866.553 2859.47 2857.656 2860.167 2865.896 2872.385 2878.043 2882.332 2887.664 2894.337 2903.443 2911.26 2917.123 2918.559 2915.449 2907.472 2895.441 2880.557 2863.58 2845.308 2827.33 2816.034 2812.33 2814.714 2816.598 2816.507 2814.216 2809.641 2803.214 2795.42 2787.099 2780.046
