examples/Data/Jakobshavn_2008_2011_Composite/grids/jakobshavn_2008_2011_composite_surface.txt
ncols         740
nrows         360
xllcorner     -230000
yllcorner     -2350000
cellsize      500
NODATA_value  -9999
[rows 308 to 335 of 360, columns 192 to 255 of 740]
1354.897 1380.144 1389.24 1393.243 1399.411 1409.379 1420.102 1427.257 1428.645 1425.257 1421.621 1424.064 1435.062 1452.886 1471.833 1487.676 1498.395 1506.256 1511.283 1512.482 1508.672 1503.352 1500.372 1501.688 1503.885 1499.514 1501.464 1511.362 1528.203 1537.111 1537.547 1537.351 1538.08 1540.786 1544.73 1548.527 1550.305 1549.214 1547.393 1548.295 1555.038 1565.089 1575.29 1581.765 1583.157 1580.984 1577.677 1574.052 1570.145 1565.362 1561.493 1558.716 1557.717 1559.844 1561.215 1545.768 1533.402 1545.772 1575.504 1600.655 1603.673 1607.613 1613.573 1621.441
1351.591 1376.95 1387.278 1391.305 1397.284 1407.59 1418.894 1427.182 1428.447 1425.143 1421.62 1424.24 1435.156 1452.91 1471.717 1487.59 1499.3 1507.254 1512.121 1512.966 1509.342 1504.218 1500.643 1501.751 1506.632 1506.297 1511.772 1522.06 1537.039 1542.393 1539.746 1537.357 1538.106 1541.101 1546.01 1550.697 1553.092 1551.811 1550.104 1550.085 1555.574 1564.635 1574.815 1581.78 1581.35 1577.026 1571.874 1569.556 1567.774 1564.823 1561.463 1558.747 1557.835 1559.994 1560.451 1545.308 1536.793 1551.726 1582.72 1605.215 1606.715 1609.018 1613.918 1621.645
1342.474 1378.073 1389.834 1394.193 1398.583 1406.703 1417.448 1426.017 1427.945 1425.107 1422.126 1425.081 1435.526 1452.911 1471.105 1489.137 1502.346 1511.538 1515.018 1515.573 1513.029 1507.452 1502.897 1502.121 1512.249 1526.023 1542.226 1550.442 1554.007 1551.448 1545.613 1540.46 1538.55 1542.706 1548.356 1553.513 1555.603 1553.595 1551.226 1549.349 1552.531 1561.068 1571.982 1578.298 1575.817 1569.623 1566.149 1566.039 1566.518 1565.399 1562.36 1559.491 1558.146 1560.42 1557.815 1549.863 1552.814 1573.119 1598.617 1611.009 1611.248 1611.772 1615.313 1621.891
1347.587 1388.491 1399.51 1406.029 1407.256 1410.425 1417.789 1425.277 1427.807 1425.006 1422.151 1425.213 1435.598 1452.899 1474.607 1495.101 1510.042 1516.553 1518.522 1518.686 1517.337 1513.329 1507.5 1511.303 1526.116 1545.911 1557.923 1561.53 1562.249 1560.384 1555.316 1546.962 1543.18 1544.896 1550.742 1554.211 1555.328 1552.079 1548.803 1545.506 1546.779 1552.49 1562.833 1569.7 1569.6 1564.7 1563.336 1565.15 1567.212 1567.654 1566.056 1562.455 1559.886 1560.546 1561.758 1564.813 1577.085 1595.558 1611.592 1616.29 1615.827 1615.385 1617.317 1623.57
1357.874 1403.853 1413.089 1421.219 1420.583 1419.951 1422.743 1426.407 1427.809 1424.923 1422.108 1425.209 1435.617 1458.415 1483.959 1507.074 1517.43 1520.843 1520.985 1520.99 1520.975 1518.827 1514.663 1523.224 1540.031 1558.948 1565.434 1565.757 1566.121 1566.273 1563.352 1556.804 1550.457 1548.69 1550.439 1551.973 1551.998 1548.157 1543.858 1540.088 1540.393 1544.075 1554.635 1562.527 1567.287 1564.462 1565.769 1568.237 1570.991 1572.148 1571.356 1568.596 1564.284 1565.795 1572.729 1586.129 1600.814 1612.03 1618.409 1618.446 1618.386 1617.825 1618.839 1625.188
1370.611 1416.676 1424.901 1432.719 1431.62 1430.049 1430.047 1430.683 1429.499 1425.578 1422.047 1425.165 1443.79 1472.284 1501.886 1517.638 1522.955 1522.948 1522.947 1522.951 1522.96 1522.965 1520.748 1535.566 1550.41 1567.524 1567.681 1567.668 1567.695 1567.643 1567.771 1564.258 1557.275 1550.259 1546.807 1546.894 1546.933 1543.625 1539.377 1535.86 1535.974 1537.722 1549.175 1560.129 1570.077 1569.39 1570.76 1573.236 1575.978 1576.994 1577.051 1575.313 1571.72 1576.572 1588.942 1606.228 1615.165 1618.356 1618.396 1618.389 1618.366 1618.303 1620.837 1628.92
1385.829 1425.516 1431.521 1437.231 1436.766 1436.192 1435.566 1435.054 1436.928 1438.489 1440.93 1444.561 1463.767 1491.252 1515.385 1524.563 1524.565 1524.574 1524.594 1524.601 1524.596 1524.579 1524.573 1539.129 1553.747 1568.38 1568.537 1568.605 1568.824 1568.959 1569.246 1569.093 1559.583 1549.943 1540.566 1540.556 1540.55 1538.653 1535.871 1533.703 1533.732 1537.871 1551.979 1565.532 1575.533 1574.761 1576.178 1578.389 1580.719 1581.109 1580.855 1580.667 1578.501 1587.953 1600.381 1614.793 1617.753 1617.71 1617.613 1617.581 1617.593 1617.667 1623.952 1633.66
1402.055 1431.195 1434.156 1437.112 1437.23 1437.255 1437.196 1440.77 1447.492 1454.656 1459.445 1463.693 1481.166 1501.047 1519.67 1524.662 1526.025 1526.03 1526.037 1526.04 1526.037 1526.031 1526.028 1540.474 1554.945 1569.517 1569.766 1570.02 1570.351 1570.596 1570.922 1571.217 1558.582 1545.831 1532.915 1532.82 1532.792 1532.854 1532.62 1532.803 1533.171 1539.142 1554.082 1568.837 1578.384 1578.432 1580.241 1582.117 1583.952 1583.935 1583.627 1583.404 1583.194 1594.62 1606.052 1617.486 1617.474 1617.426 1617.304 1617.268 1617.285 1617.383 1627.71 1639.089
1416.923 1435.842 1435.388 1436.162 1436.249 1436.337 1439.644 1447.058 1459.338 1469.875 1477.842 1482.68 1490.125 1500.37 1512.462 1521.653 1526.445 1527.636 1527.578 1527.576 1527.573 1527.578 1527.575 1542.005 1556.442 1571.002 1571.31 1571.632 1572.045 1572.249 1572.419 1572.487 1557.131 1541.764 1526.216 1525.858 1525.729 1527.919 1530.256 1533.088 1533.987 1543.147 1557.041 1571.116 1577.473 1578.884 1581.558 1583.725 1585.309 1585.138 1584.957 1584.904 1585.758 1596.724 1607.656 1617.673 1617.676 1617.684 1617.705 1617.705 1617.697 1617.674 1629.93 1642.104
1427.935 1437.844 1436.051 1435.962 1436.185 1437.864 1444.025 1454.792 1465.245 1472.684 1477.107 1482.033 1487.144 1494.586 1504.358 1515.806 1524.316 1528.626 1529.556 1529.551 1529.503 1529.54 1530.747 1542.15 1556.241 1569.255 1572.12 1572.146 1572.116 1571.979 1571.734 1571.462 1555.237 1539.161 1522.99 1522.513 1522.343 1526.744 1531.475 1536.589 1537.507 1546.869 1558.35 1570.176 1574.138 1576.714 1580.36 1583.409 1585.051 1585.017 1585.041 1585.116 1588.211 1599.136 1610.022 1617.866 1617.872 1617.891 1617.947 1617.953 1617.937 1617.88 1629.971 1642.167
1435.236 1438.539 1437.498 1437.349 1437.678 1441.542 1450.34 1460.007 1467.662 1471.914 1476.505 1481.394 1486.599 1492.2 1499.62 1509.333 1519.895 1527.46 1530.946 1531.48 1531.549 1532.23 1534.631 1542.651 1552.973 1563.621 1568.455 1570.132 1569.737 1569.208 1568.592 1568.036 1553.695 1539.634 1525.551 1525.23 1525.128 1531.09 1537.16 1543.337 1544.319 1552.525 1561.068 1569.495 1571.109 1575.316 1579.702 1583.888 1584.872 1584.936 1584.965 1584.941 1591.707 1602.686 1613.682 1617.927 1617.92 1617.896 1617.82 1617.809 1617.828 1617.904 1630.053 1642.112
1436.981 1437.196 1437.669 1438.026 1440.346 1446.532 1454.569 1461.863 1466.826 1471.12 1475.769 1480.731 1486.166 1491.902 1497.834 1505.44 1514.717 1523.892 1529.771 1531.979 1532.8 1534.433 1538.247 1542.774 1549.244 1555.449 1561.669 1564.526 1565.29 1564.366 1563.446 1562.511 1552.51 1542.797 1533.304 1533.21 1533.189 1539.432 1545.757 1551.982 1553.344 1557.926 1562.958 1567.385 1569.211 1575.795 1581.808 1587.177 1587.24 1587.012 1586.698 1586.328 1595.5 1606.329 1617.343 1618.896 1618.879 1618.819 1618.595 1618.565 1618.613 1618.839 1631.427 1643.708
1431.649 1432.08 1434.774 1437.384 1442.182 1449.78 1456.5 1461.806 1465.889 1470.218 1474.967 1480.019 1485.633 1491.458 1497.638 1503.999 1511.76 1519.888 1526.578 1530.49 1532.936 1536.083 1540.103 1544.224 1547.198 1550.487 1553.85 1557.275 1558.663 1558.363 1557.41 1555.457 1549.667 1545.202 1542.022 1543.184 1543.241 1549.065 1554.884 1560.933 1562.395 1563.91 1565.204 1566.053 1571.473 1581.317 1589.837 1593.528 1592.45 1591.825 1590.999 1590.165 1600.676 1611.539 1622.769 1622.754 1622.719 1622.611 1622.267 1622.208 1622.284 1624.344 1637.288 1649.721
1424.057 1426.233 1430.35 1435.644 1443.445 1450.892 1456.633 1460.766 1464.867 1469.361 1474.151 1479.354 1485.076 1491.154 1497.502 1504.048 1510.713 1517.571 1522.977 1528.002 1532.082 1536.746 1541.056 1545.01 1547.715 1548.637 1549.581 1550.875 1552.56 1552.688 1551.424 1548.824 1546.094 1545.927 1548.441 1551.776 1553.453 1558.21 1562.864 1567.771 1568.517 1568.152 1566.946 1566.291 1575.532 1587.899 1598.927 1600.604 1599.323 1598.335 1597.266 1596.135 1606.653 1617.681 1629.185 1629.176 1629.156 1629.094 1628.9 1628.852 1628.883 1633.76 1646.268 1658.373
1417.456 1421.757 1427.433 1434.872 1442.93 1450.225 1455.362 1459.722 1463.875 1468.415 1473.271 1478.524 1484.442 1490.753 1497.356 1504.179 1511.717 1518.024 1522.407 1525.976 1530.883 1536.697 1541.877 1545.67 1548.067 1548.639 1547.793 1547.424 1547.458 1547.575 1546.206 1543.802 1542.733 1544.92 1550.424 1556.571 1560.259 1564.569 1567.635 1571.307 1571.626 1570.674 1568.569 1572.167 1584.954 1598.513 1606.562 1605.991 1605.085 1604.201 1603.172 1602.765 1610.541 1622.107 1633.37 1636.655 1636.652 1636.649 1636.653 1636.626 1636.604 1644.5 1655.797 1666.903
1414.204 1419.74 1426.136 1434.472 1442.142 1448.5 1453.983 1458.626 1462.895 1467.49 1472.375 1477.757 1483.779 1490.367 1497.275 1506.666 1515.905 1523.125 1525.651 1527.503 1531.097 1536.666 1542.128 1546.24 1548.303 1548.552 1547.559 1546.305 1545.42 1544.66 1543.142 1541.775 1541.723 1544.496 1550.296 1558.155 1563.932 1567.786 1568.79 1570.511 1571.229 1571.164 1572.972 1581.268 1594.402 1605.412 1609.522 1609.161 1608.604 1608.096 1607.864 1608.186 1612.842 1620.885 1631.929 1638.811 1642.301 1642.407 1642.681 1642.708 1642.61 1651.234 1661.079 1671.011
1410.167 1415.901 1423.057 1431.807 1439.807 1446.648 1453.138 1459.556 1465.457 1470.978 1475.84 1480.82 1485.959 1491.66 1498.21 1510.396 1521.833 1530.671 1531.962 1532.164 1533.986 1533.48 1537.613 1541.477 1547.595 1548.346 1547.294 1545.625 1544.031 1542.586 1541.483 1540.962 1541.783 1544.637 1550.693 1558.992 1565.196 1567.667 1566.881 1567.005 1567.893 1568.785 1576.371 1589.721 1603.144 1609.474 1609.651 1609.729 1610.086 1610.506 1610.986 1611.733 1612.658 1617.095 1624.603 1634.819 1641.523 1644.672 1645.093 1645.155 1645.029 1653.09 1661.777 1670.87
1407.565 1413.203 1423.315 1434.975 1446.368 1452.691 1457.715 1463.42 1469.118 1474.798 1479.633 1484.223 1488.378 1493.081 1499.156 1511.313 1524.762 1535.5 1538.77 1538.761 1531.202 1523.021 1522.677 1531.599 1541.036 1542.399 1541.688 1541.525 1541.315 1541.116 1540.194 1539.658 1542.372 1547.037 1554.188 1560.156 1564.308 1565.056 1563.714 1562.95 1563.797 1566.229 1577.099 1591.091 1604.031 1608.324 1608.724 1609.809 1611.231 1612.662 1613.218 1613.113 1613.33 1613.933 1618.487 1625.966 1635.002 1640.397 1642.714 1642.926 1642.964 1650.529 1658.865 1667.495
1409.399 1418.473 1431.151 1444.014 1454.759 1459.357 1462.819 1467.613 1473.083 1478.943 1483.846 1487.933 1491.099 1494.626 1500.073 1509.838 1522.519 1533.776 1539.847 1535.921 1518.907 1504.484 1506.256 1521.847 1534.625 1536.516 1536.166 1536.468 1537.042 1537.57 1537.411 1538.817 1544.099 1551.183 1558.213 1561.737 1563.471 1562.391 1560.956 1559.95 1560.939 1564.264 1574.407 1587.866 1600.053 1605.268 1607.477 1610.093 1613.044 1614.581 1614.38 1613.559 1613.308 1613.922 1615.226 1619.675 1625.983 1632.734 1636.137 1637.506 1638.346 1640.875 1647.728 1655.813
1417.782 1430.484 1444.193 1456.315 1464.319 1466.615 1467.688 1470.025 1473.863 1478.984 1484.055 1488.094 1491.078 1494.506 1499.919 1507.169 1518.283 1528.371 1535.492 1523.847 1497.731 1486.014 1495.847 1519.684 1529.369 1530.686 1530.737 1531.77 1532.927 1534.174 1535.103 1538.717 1546.592 1555.545 1561.62 1563.016 1562.021 1560.431 1559.081 1558.601 1560.035 1564.399 1572.083 1583.667 1594.469 1602.567 1607.226 1611.438 1614.884 1615.859 1614.745 1613.479 1613.231 1613.882 1615.18 1616.865 1620.694 1625.34 1629.699 1632.557 1635.139 1633.285 1631.871 1632.22
1426.665 1441.509 1452.647 1462.042 1465.579 1466.614 1467.663 1469.991 1473.941 1479.094 1484.246 1488.188 1491.113 1494.478 1499.886 1507.317 1516.344 1518.33 1515.275 1497.339 1477.121 1475.676 1494.172 1520.216 1529.658 1530.689 1530.739 1530.72 1530.978 1532.515 1534.966 1541.056 1548.907 1557.578 1562.41 1564.615 1563.516 1561.508 1559.241 1558.564 1560.278 1564.634 1572.041 1582.975 1593.628 1602.148 1607.993 1612.429 1615.85 1616.078 1614.72 1613.437 1613.192 1613.86 1615.156 1616.854 1619.085 1622.569 1626.096 1630.238 1633.95 1627.647 1623.934 1619.409
1436.044 1448.367 1456.516 1462.977 1465.708 1466.633 1467.674 1470.012 1474.061 1479.217 1484.357 1488.191 1491.129 1494.491 1499.912 1507.49 1512.98 1509.462 1500.984 1485.72 1471.235 1474.989 1494.213 1520.018 1529.519 1530.688 1530.738 1530.719 1532.418 1535.504 1539.626 1544.302 1550.602 1557.693 1564.227 1568.238 1569.01 1565.812 1562.554 1560.619 1561.819 1565.524 1575.834 1588.634 1600.094 1605.584 1609.534 1612.993 1615.803 1616.033 1614.673 1613.424 1613.163 1613.84 1615.14 1616.858 1617.118 1614.508 1609.465 1609.43 1619.902 1626.208 1628.679 1622.203
1443.666 1453.483 1460.106 1466.005 1467.934 1468.029 1467.998 1470.154 1474.232 1479.317 1484.358 1488.108 1491.217 1494.61 1500.069 1508.416 1513.192 1508.864 1499.256 1491.766 1485.988 1487.761 1499.277 1517.152 1528.875 1530.683 1530.734 1533.027 1537.185 1542.633 1546.249 1549.111 1552.737 1560.208 1568.28 1574.987 1576.456 1568.781 1562.539 1554.87 1554.704 1564.857 1582.584 1602.455 1609.791 1611.619 1612.057 1613.713 1615.55 1615.904 1614.646 1613.48 1613.194 1613.853 1615.159 1614.171 1608.709 1599.172 1587.698 1585.611 1603.102 1621.988 1638.65 1637.154
1453.468 1460.551 1466.297 1471.141 1472.999 1473.661 1472.307 1472.582 1474.6 1479.35 1484.365 1488.08 1491.253 1494.642 1502.004 1511.175 1515.811 1515.378 1512.566 1511.355 1507.535 1504.696 1509.704 1519.827 1528.499 1530.68 1532.344 1537.678 1544.953 1550.932 1553.775 1554.814 1556.894 1564.675 1573.894 1581.945 1583.563 1566.699 1549.81 1533.359 1534.983 1560.129 1589.135 1616.718 1619.669 1617.89 1616.329 1616.05 1616.225 1615.836 1614.617 1613.505 1613.194 1613.85 1615.687 1612.584 1604.833 1592.468 1582.905 1579.612 1599.718 1621.857 1642.093 1642.671
1463.399 1468.26 1472.964 1477.311 1479.208 1480.376 1479.463 1479.65 1479.282 1481.544 1484.367 1488.069 1491.265 1497.663 1507.107 1517.28 1522.298 1523.811 1523.601 1523.64 1523.323 1520.306 1520.796 1523.39 1528.623 1530.679 1536.065 1545.348 1554.936 1559.577 1561.056 1562.55 1564.152 1572.04 1579.595 1586.846 1586.872 1564.888 1543.154 1521.318 1528.519 1563.889 1599.117 1626.977 1625.357 1623.603 1621.604 1620.144 1618.348 1616.564 1614.615 1613.515 1613.199 1614.476 1618.804 1617.972 1613.513 1605.789 1603.476 1603.163 1616.374 1628.794 1641.867 1641.722
1472.288 1475.502 1478.71 1481.869 1484.364 1486.904 1487.46 1487.588 1486.12 1486.676 1487.106 1489.11 1495.266 1505.132 1517.116 1523.996 1526.789 1526.689 1526.542 1526.527 1526.613 1526.763 1526.738 1527.953 1529.248 1535.468 1546.092 1558.494 1566.311 1569.027 1570.687 1572.508 1574.282 1579.561 1584.396 1588.783 1588.778 1569.712 1549.945 1531.236 1544.984 1578.391 1611.127 1629.898 1629.212 1627.805 1626.585 1624.951 1622.561 1618.95 1615.664 1613.52 1613.716 1618.033 1625.193 1629.175 1629.69 1627.931 1630.883 1631.101 1636.447 1638.924 1643.94 1643.149
1478.89 1482.003 1484.527 1486.269 1488.103 1490.253 1492.17 1493.474 1492.493 1491.143 1489.24 1494.626 1504.627 1518.49 1526.764 1530.307 1530.316 1530.33 1530.341 1530.343 1530.331 1530.318 1530.307 1530.808 1536.946 1548.227 1563.35 1573.392 1578.667 1580.193 1581.891 1583.674 1585.284 1587.304 1588.869 1590.036 1590.048 1579.492 1570.228 1559.322 1575.656 1597.72 1622.146 1629.607 1630.028 1629.584 1629.261 1628.554 1626.837 1622.105 1617.239 1613.81 1617.614 1625.386 1634.976 1640.504 1642.561 1642.499 1642.37 1642.61 1645.329 1647.397 1648.793 1647.383
1481.836 1485.925 1489.096 1490.229 1491.514 1493.126 1494.029 1494.075 1493.516 1492.349 1490.4 1494.105 1508.568 1523.978 1534.134 1534.152 1534.194 1534.314 1534.482 1534.487 1534.369 1534.175 1534.111 1534.085 1541.462 1558.795 1576.852 1587.957 1589.453 1590.695 1591.93 1592.997 1593.898 1593.084 1591.764 1590.343 1590.05 1584.999 1580.563 1575.099 1590.209 1605.982 1623.923 1626.379 1627.812 1628.415 1629.183 1629.501 1629.379 1626.127 1620.923 1620.029 1626.081 1636.766 1643.429 1646.108 1646.101 1646.083 1646.041 1646.994 1650.631 1653.648 1655.163 1653.411
