examples/Data/Jakobshavn_2008_2011_Composite/grids/jakobshavn_2008_2011_composite_bottom.txt
ncols         740
nrows         360
xllcorner     -230000
yllcorner     -2350000
cellsize      500
NODATA_value  -9999
[rows 216 to 242 of 360, columns 558 to 619 of 740]
-409.7452 -417.7571 -413.8011 -404.5677 -393.5308 -384.6696 -379.8473 -379.3018 -381.1123 -380.5047 -368.5478 -339.5031 -292.4909 -237.398 -202.1813 -195.1967 -212.9571 -231.0242 -243.3592 -248.8633 -249.5897 -246.046 -239.8786 -230.6893 -219.4414 -207.592 -196.5539 -186.3488 -176.0526 -165.1518 -153.6179 -141.0889 -127.5397 -113.6536 -92.07499 -68.17124 -46.7739 -38.81811 -40.68362 -47.77805 -56.9898 -66.43607 -74.6758 -79.58331 -79.18356 -72.93902 -62.08522 -48.49195 -33.47163 -18.16331 -3.755588 8.323996 16.23281 17.66499 10.25784 -6.504288 -29.56493 -54.47839 -78.11288 -100.2328 -120.5232 -137.9505
-390.9538 -408.838 -415.4844 -414.5792 -409.2898 -402.7117 -397.3697 -393.8611 -391.0349 -385.753 -372.5616 -348.2687 -312.8843 -272.9662 -247.3459 -242.0748 -253.9163 -264.5365 -268.8948 -266.0075 -259.018 -248.665 -236.734 -223.5636 -210.2702 -197.8152 -186.7405 -176.6664 -166.8683 -156.6802 -145.7078 -133.2126 -118.7701 -103.0349 -82.36945 -61.95558 -46.01337 -41.64087 -45.67456 -54.2663 -64.69405 -75.1604 -84.07118 -88.89319 -88.21894 -81.91113 -71.71161 -58.98243 -44.77493 -30.0988 -16.17817 -4.726245 1.78824 0.1816514 -11.96127 -29.90206 -49.49195 -66.55066 -83.08032 -99.29553 -114.4001 -127.2398
-365.3294 -388.4902 -403.0214 -409.7915 -411.5056 -409.0025 -404.4796 -398.7885 -392.7069 -385.6111 -374.841 -359.0675 -338.2185 -315.2577 -298.5486 -291.2423 -290.9038 -288.2897 -280.7524 -268.4996 -254.3085 -239.025 -224.0338 -209.68 -196.3445 -184.3332 -173.5949 -163.4978 -153.0499 -141.0573 -126.2018 -106.9753 -82.55799 -55.01704 -33.5048 -23.15715 -25.30474 -33.73894 -45.43018 -58.44278 -71.47948 -83.5275 -93.34513 -98.51357 -98.02102 -92.00011 -82.35813 -70.15337 -56.15099 -41.10673 -26.01803 -12.42739 -2.772232 -0.5150532 -8.822091 -22.74316 -39.14412 -53.9249 -69.59688 -85.18931 -99.34149 -111.1893
-338.3696 -362.9902 -381.1193 -392.6065 -399.0457 -399.9253 -396.5838 -389.9264 -382.1478 -374.3542 -365.8383 -356.3351 -346.0348 -336.0597 -325.1792 -314.5241 -302.3359 -288.5912 -272.1159 -254.0555 -236.4476 -219.8418 -204.6157 -190.8843 -178.7085 -168.0114 -158.3761 -148.902 -138.2464 -124.6793 -106.145 -80.49184 -46.67263 -8.454121 14.08949 15.16947 -3.782443 -25.085 -44.9294 -62.76311 -78.57787 -92.17614 -102.7874 -108.485 -108.5395 -103.2177 -94.21531 -82.36977 -68.15932 -51.96537 -34.27499 -15.93717 1.489141 15.36591 21.98511 17.72367 3.083393 -18.04359 -40.25237 -60.69334 -78.08195 -92.05226
-312.8288 -336.0797 -353.7776 -366.1614 -374.078 -376.6916 -374.1978 -367.3306 -358.5699 -349.556 -340.6138 -331.7819 -323.2164 -315.481 -305.4512 -293.4826 -277.8817 -261.3932 -243.5986 -225.9411 -209.2644 -193.9621 -180.2803 -168.358 -158.2336 -149.7202 -142.229 -134.6573 -125.3922 -112.3736 -93.23292 -65.73516 -29.28914 10.71786 32.03525 28.2751 2.555918 -24.94235 -49.23589 -69.94484 -87.51293 -102.1115 -113.2918 -119.5279 -120.2932 -115.8388 -107.5852 -96.12596 -81.64973 -64.11513 -43.3613 -19.30425 7.675108 35.83677 59.99261 66.38007 52.41439 22.72349 -8.000871 -34.80919 -56.57016 -73.52034
-290.1206 -310.4922 -325.6021 -335.9325 -341.9669 -343.4129 -340.2935 -333.2171 -323.6838 -312.8177 -300.8493 -287.4485 -272.2954 -256.2864 -242.9234 -233.0812 -225.0516 -215.1455 -202.8078 -189.3855 -176.0439 -163.5301 -152.3557 -142.9233 -135.4969 -130.0147 -125.8814 -121.8765 -116.2165 -106.7173 -91.05077 -67.25825 -35.09866 0.292206 18.61814 14.12612 -10.45319 -36.90744 -60.75103 -81.47375 -99.24181 -113.9938 -125.262 -131.8699 -133.393 -129.9763 -122.6276 -111.7702 -97.38216 -79.0735 -56.09066 -27.50233 7.3791 47.60089 86.73082 102.4946 89.85254 53.98613 17.18595 -14.16535 -39.07961 -58.21249
-271.4681 -287.9955 -299.1052 -305.7712 -308.6513 -307.791 -303.151 -295.0506 -284.2614 -271.3151 -256.0192 -237.5149 -214.8238 -188.9184 -171.7117 -164.6999 -166.0717 -163.9485 -157.771 -149.1951 -139.7252 -130.3749 -121.92 -115.1401 -110.7491 -109.0371 -109.5288 -110.9049 -111.2073 -108.197 -99.78802 -84.57463 -62.7622 -38.30984 -24.43676 -25.66421 -41.00555 -59.74306 -78.78934 -97.09503 -113.8409 -128.0936 -138.9693 -145.6851 -147.8324 -145.4572 -139.0226 -129.0391 -115.4026 -97.54012 -74.27493 -44.17431 -5.859557 40.25529 87.25514 109.6338 100.8515 65.72452 28.81115 -2.908334 -28.2364 -47.75277
-258.3394 -269.8831 -275.6437 -277.5132 -276.5908 -273.0016 -266.4007 -256.7549 -244.5225 -229.9979 -212.805 -192.1006 -167.3896 -140.8117 -122.8587 -115.7184 -117.279 -117.3058 -114.2152 -108.9657 -102.6707 -96.06893 -89.90494 -85.37399 -83.93825 -86.53542 -92.89762 -101.4792 -109.9351 -115.7878 -117.1319 -113.1604 -104.5685 -93.80827 -84.28697 -79.28732 -80.42865 -87.71573 -99.8571 -114.933 -130.5813 -144.412 -154.6587 -161.1302 -163.2872 -161.3876 -155.2913 -146.3017 -134.1907 -118.3565 -97.26217 -69.51363 -33.42662 11.01258 57.18156 83.12803 81.43694 55.50256 25.29162 -2.14513 -24.84144 -42.7156
-252.3986 -257.1339 -255.7541 -251.6971 -246.6357 -240.4233 -231.8491 -220.416 -206.7963 -191.543 -174.2667 -154.3103 -131.6404 -108.4902 -91.54298 -82.42193 -79.87859 -77.63546 -74.45361 -70.6727 -66.60857 -62.07984 -57.30617 -53.9692 -54.84823 -62.02897 -75.4981 -93.11967 -111.6638 -127.8969 -139.7254 -146.6519 -149.5374 -149.1627 -141.3631 -128.7325 -116.0963 -112.5246 -118.7852 -132.0798 -148.2026 -162.8981 -173.1682 -178.7875 -178.9898 -175.0413 -167.3399 -159.2589 -149.4843 -137.3518 -120.5079 -98.55421 -69.65561 -32.56542 7.775733 35.52538 42.60361 29.86365 10.181 -10.04598 -28.02898 -42.7516
-255.1151 -250.3479 -239.2827 -228.0742 -218.9424 -210.9577 -200.8478 -187.3729 -172.3553 -157.263 -141.4287 -124.1977 -105.7028 -88.51366 -73.45917 -61.12327 -51.60864 -44.25776 -38.82207 -35.2824 -33.06755 -30.2521 -25.68577 -21.69412 -23.51538 -35.2708 -57.16873 -85.74946 -116.1186 -143.4106 -164.8267 -179.8697 -189.3567 -192.5042 -182.0333 -160.7853 -137.5353 -126.4777 -130.3955 -145.3494 -164.9229 -182.487 -193.1991 -195.5769 -189.2588 -177.8505 -165.3326 -158.4803 -152.6218 -145.8585 -133.834 -119.3048 -100.9734 -75.24258 -42.98586 -15.19848 -0.2147712 -1.227629 -10.49335 -23.16742 -35.9875 -46.96041
-267.097 -249.6245 -225.5713 -206.2227 -193.7219 -185.9946 -175.3084 -159.1514 -142.4394 -128.5432 -115.2975 -101.7192 -87.11961 -76.64639 -63.52037 -47.29523 -29.82474 -16.24065 -7.57506 -3.87711 -4.159631 -3.572909 1.952977 9.268718 8.622822 -7.493526 -39.25859 -80.61588 -124.2089 -162.2694 -190.9085 -209.7453 -220.4307 -222.3847 -204.8407 -172.8249 -139.575 -124.6063 -130.9701 -152.0102 -178.4834 -200.8492 -212.9646 -209.5781 -191.5032 -165.0142 -141.2177 -131.6888 -129.1987 -127.8515 -118.8628 -108.0703 -99.80524 -92.31241 -78.72536 -59.58028 -40.18149 -30.23898 -31.057 -37.9954 -46.92199 -54.34893
-286.6007 -254.4076 -214.5771 -187.4135 -172.6811 -168.2211 -158.3285 -138.5839 -119.9846 -108.9432 -99.1854 -89.99294 -77.43536 -75.99138 -64.50714 -43.47116 -16.08015 4.238047 16.49373 20.54703 16.49673 13.38286 20.23632 33.16098 35.45908 15.14478 -27.34438 -81.78722 -138.4348 -184.995 -216.3492 -232.5227 -236.7413 -230.0822 -200.5853 -157.289 -118.9302 -105.8135 -119.9911 -150.5043 -185.2863 -210.1995 -223.8533 -213.2806 -183.0004 -136.684 -96.43246 -81.37877 -81.96431 -85.90137 -76.00986 -61.33991 -57.44736 -66.38074 -75.50805 -73.95061 -60.44832 -47.43048 -46.20605 -51.76863 -59.90911 -64.38987
-304.6425 -261.9804 -212.8814 -180.456 -163.9155 -160.5006 -151.6721 -132.1714 -114.8988 -107.2442 -101.2868 -96.33798 -88.30139 -94.48336 -83.76793 -57.05665 -19.06322 8.070629 23.80754 28.58543 22.77462 17.1877 22.77629 35.49796 36.3807 11.89728 -37.1927 -98.97081 -161.9167 -210.3032 -236.1712 -239.6364 -226.1307 -201.5438 -160.5671 -115.5968 -84.83368 -81.70461 -105.0518 -142.159 -180.2309 -204.5291 -216.2344 -200.455 -162.6575 -105.4421 -54.7377 -32.12969 -30.21812 -33.41001 -21.73532 -3.517841 -0.3783523 -18.65375 -44.26087 -59.85178 -58.44652 -51.42637 -54.57243 -64.05308 -74.67724 -79.56856
-316.7915 -270.0033 -219.5475 -185.6465 -167.7762 -163.2735 -155.741 -140.1191 -127.0625 -122.5419 -119.4498 -117.0983 -111.6625 -114.5388 -100.9374 -70.96594 -32.41663 -3.257446 14.05631 19.46721 13.68059 6.416485 7.308228 12.98413 7.241254 -21.40857 -71.98519 -133.4668 -194.1302 -235.2269 -247.0804 -229.2609 -189.899 -138.4366 -88.49269 -53.67175 -46.70259 -61.07742 -92.83991 -131.2912 -166.0098 -184.877 -191.0008 -172.1743 -133.8486 -77.6202 -26.7341 -0.3883443 6.391433 7.561231 20.47583 38.7141 42.66436 26.02311 -2.066304 -26.19254 -38.13856 -43.38203 -54.98556 -70.89605 -86.44977 -95.27773
-320.9968 -275.7726 -231.3531 -199.0482 -180.6354 -173.0501 -166.9377 -158.1619 -150.8434 -147.6027 -145.3841 -143.103 -140.3297 -139.0616 -123.399 -92.61526 -54.33131 -24.8702 -7.699792 -2.550517 -7.22826 -15.57917 -22.40003 -29.8335 -46.60271 -79.08224 -126.132 -179.8492 -229.0487 -255.4812 -249.1649 -209.6347 -147.0316 -74.0062 -22.624 -5.178651 -24.60175 -55.44067 -90.68484 -124.0923 -149.3891 -160.6648 -157.8204 -136.9304 -101.155 -55.44323 -13.75064 12.75802 25.72392 33.79878 45.92383 58.99862 62.43032 51.3273 29.49024 6.344145 -12.75696 -29.083 -48.73007 -70.95791 -91.58299 -107.2449
-321.8499 -278.2175 -238.3596 -208.7167 -191.4893 -184.2921 -180.7223 -176.1738 -171.148 -166.0093 -160.9315 -155.5389 -150.8885 -144.7968 -128.1553 -100.1821 -67.499 -41.94451 -27.82799 -25.13693 -31.67969 -43.73756 -58.66286 -77.41252 -103.614 -139.3986 -182.5579 -226.6086 -261.8132 -271.6956 -249.6787 -196.6795 -124.8674 -47.69603 -1.376046 3.607553 -28.90686 -66.65433 -100.2488 -125.7046 -140.083 -141.3148 -129.7047 -105.5186 -71.98525 -34.33887 -0.6100934 23.40461 38.5398 49.77561 61.66908 72.96633 78.27361 73.96807 60.08495 39.87721 16.05328 -9.545554 -36.6722 -63.47169 -88.06789 -109.2898
-319.3962 -275.9892 -238.7384 -211.3051 -196.5494 -192.408 -191.743 -187.895 -179.4974 -168.3825 -157.7609 -148.5407 -141.7153 -135.3742 -120.4871 -97.27294 -69.75844 -49.86678 -41.24457 -43.56414 -54.76631 -72.42393 -95.16783 -123.2094 -157.0703 -195.6795 -235.0202 -268.4867 -287.8931 -282.8899 -251.3441 -196.6907 -129.702 -63.30264 -27.50086 -29.90135 -62.97174 -97.58934 -123.72 -138.4339 -140.5528 -130.1373 -108.9588 -79.57066 -45.82172 -12.62817 15.31853 35.33469 49.06083 60.29693 72.23194 84.55029 93.89694 97.44702 93.22208 76.12786 47.22608 10.82785 -23.874 -54.06599 -80.2151 -104.1598
-313.0401 -269.1588 -233.6887 -207.2429 -195.4008 -195.8707 -198.6016 -192.7637 -175.8341 -154.5962 -136.707 -124.6363 -117.6991 -110.7859 -97.77175 -79.48306 -60.21093 -48.11982 -47.17793 -56.68478 -74.38789 -98.45412 -128.442 -164.5089 -205.018 -246.087 -280.973 -301.8717 -305.2705 -288.4691 -254.78 -207.3204 -154.123 -105.7266 -83.56594 -91.60238 -119.7737 -145.0516 -159.0768 -160.8387 -149.7249 -126.5459 -94.52801 -57.87369 -21.10677 10.33972 33.94469 48.53547 57.99945 66.71252 78.33229 92.99548 106.64 116.386 119.4397 103.6177 69.24873 22.8191 -17.43457 -48.08111 -72.23142 -95.31606
-303.6642 -260.3791 -228.1975 -201.5693 -192.6773 -197.1666 -203.4002 -193.8779 -165.5979 -132.4497 -107.757 -95.16625 -90.44427 -85.34888 -74.05371 -59.50726 -46.01429 -40.86429 -48.33589 -66.1776 -90.94694 -121.0453 -157.1194 -200.3387 -246.7753 -289.3443 -315.9534 -320.3764 -307.6259 -284.6573 -256.8525 -222.9715 -187.1948 -155.4324 -147.326 -162.0643 -186.8535 -199.6271 -197.9163 -186.3048 -163.185 -127.8933 -84.70091 -39.56963 2.683884 33.7439 53.97153 61.17764 63.98317 67.84029 78.32897 96.09212 112.4935 123.8053 128.8318 111.1138 71.77181 17.73571 -23.92609 -50.4024 -67.81238 -86.939
-296.5529 -257.5396 -231.9322 -211.2776 -207.3987 -213.5068 -216.6749 -199.8203 -162.1194 -121.0343 -90.87775 -75.68626 -70.83702 -67.58844 -58.37911 -46.68884 -36.58103 -36.56463 -50.98619 -76.75097 -106.9879 -141.6197 -181.8 -231.1544 -282.1844 -324.2936 -338.3857 -322.453 -295.8476 -272.8312 -258.2364 -240.692 -223.8097 -207.8892 -212.5357 -232.7047 -250.1375 -243.4144 -220.6297 -198.5922 -171.3657 -130.5777 -79.18014 -27.04682 22.25627 52.50496 71.08265 68.97459 64.37831 61.79414 70.10771 91.85642 108.1478 114.3592 114.5655 92.34152 50.76498 -7.196218 -46.00273 -64.73409 -71.33755 -85.03159
-293.0517 -262.1163 -247.5176 -239.4227 -241.8775 -243.1893 -234.7651 -207.8517 -167.0267 -124.837 -91.09374 -69.94523 -60.19985 -55.03946 -47.08899 -38.52637 -32.95347 -38.17913 -58.16312 -89.80415 -125.0155 -164.0192 -207.8291 -260.3037 -312.2381 -348.7901 -349.3064 -317.2848 -281.9455 -262.0367 -259.9395 -258.4549 -253.4389 -239.5563 -243.3353 -261.0493 -274.0862 -255.1873 -220.6719 -194.7276 -170.3891 -133.3197 -82.98557 -29.60011 21.90933 52.05145 69.49684 63.81351 55.83871 50.27136 56.5023 76.55431 87.71456 86.64391 88.33218 68.24459 28.73224 -35.39463 -76.21069 -92.57159 -94.17332 -104.0714
-292.8141 -271.3961 -270.4417 -280.5881 -286.5776 -275.8766 -247.6202 -212.501 -177.4036 -142.4626 -106.8358 -75.40823 -55.89772 -44.97512 -37.74049 -32.75001 -33.60623 -44.76656 -69.24606 -105.3752 -145.5182 -189.2631 -236.1066 -287.9943 -335.8143 -363.1947 -353.0072 -311.3273 -271.0452 -253.3039 -260.6462 -273.2598 -277.0421 -263.8178 -257.8782 -261.9817 -261.2902 -233.3349 -195.7727 -172.5689 -158.2311 -134.3369 -95.3253 -47.97638 0.09415761 29.60016 46.80213 43.69275 37.70694 33.8447 39.03189 53.36553 55.86853 46.56252 48.94807 33.46992 -2.116914 -69.29445 -115.2852 -135.1634 -138.0547 -146.635
-293.8713 -279.6347 -292.1837 -318.6219 -322.5251 -294.1252 -245.1538 -208.3139 -186.9945 -163.4711 -126.2361 -82.2956 -53.23323 -34.97762 -27.81371 -25.59797 -34.04439 -51.32251 -80.33913 -120.6111 -167.1876 -216.6162 -266.3655 -314.1053 -354.0369 -371.0556 -354.0777 -308.0937 -262.8534 -244.7333 -258.4489 -284.877 -293.901 -274.7345 -251.2037 -234.5839 -219.6315 -189.042 -157.546 -139.0867 -132.3959 -124.8014 -105.9235 -73.83866 -36.20661 -8.254927 7.393056 12.39305 11.80445 14.28656 20.73094 27.48368 20.01062 3.13125 6.995279 -4.253709 -38.7011 -110.013 -163.9296 -190.7848 -199.0101 -207.1225
-309.2144 -299.599 -318.6954 -348.2173 -344.974 -304.0603 -246.1156 -211.289 -197.9689 -180.8321 -143.5404 -93.65135 -57.76067 -33.64077 -25.32154 -25.21384 -38.21615 -59.08222 -91.68346 -136.4882 -188.9952 -242.9717 -293.8678 -335.7881 -367.0719 -377.5529 -357.0887 -306.5537 -252.8988 -233.7607 -256.1961 -297.0116 -312.7647 -291.3213 -254.2386 -217.9351 -183.0066 -142.5192 -112.1844 -96.22552 -93.25749 -97.24861 -99.45684 -88.36131 -65.90215 -43.26251 -31.26759 -19.93719 -17.85398 -9.080655 -0.126623 5.522274 -9.786479 -37.4076 -42.31055 -58.10264 -95.3583 -167.1255 -223.1553 -252.2091 -260.4433 -266.8211
-337.7841 -330.5528 -347.3261 -369.012 -358.8281 -315.0959 -259.5724 -226.7547 -213.5735 -196.6235 -160.5651 -111.301 -72.17738 -43.53786 -33.08081 -34.90489 -51.7654 -75.98714 -111.0566 -157.7421 -211.7532 -265.9302 -314.7851 -351.557 -376.82 -384.1263 -364.3934 -316.6887 -265.4154 -250.4056 -277.6056 -317.5213 -324.0757 -285.6882 -235.6216 -189.7789 -151.0708 -108.4802 -78.71934 -62.88892 -59.48373 -68.51247 -84.07587 -91.31615 -83.99686 -69.49567 -60.71066 -48.16618 -45.17302 -34.92381 -25.95989 -21.73813 -39.83543 -70.2499 -80.37417 -99.6534 -139.3284 -209.3795 -265.568 -296.803 -307.4092 -315.2085
-373.9177 -368.0797 -376.3019 -382.2729 -366.8236 -328.9709 -285.5491 -254.3102 -234.354 -212.654 -179.658 -137.767 -98.24511 -66.11659 -52.76445 -57.20111 -77.99961 -105.4441 -141.2989 -186.1484 -236.4987 -286.0929 -329.9514 -362.201 -383.8958 -391.0653 -376.8267 -340.7183 -302.5937 -294.8785 -316.8893 -339.7298 -325.8054 -271.3616 -214.4755 -167.617 -132.4708 -93.71394 -65.87123 -49.86196 -44.6888 -51.99358 -70.24909 -85.74169 -89.58623 -83.43845 -78.6472 -69.09192 -67.57359 -60.70519 -55.31361 -54.19332 -70.3065 -93.7386 -101.1616 -118.1213 -157.3642 -223.6955 -280.56 -316.9144 -334.911 -348.7017
-401.1086 -395.4925 -395.6421 -390.9977 -372.7016 -341.571 -308.0626 -280.5708 -258.7395 -235.9913 -206.89 -171.6517 -135.037 -102.578 -88.40211 -94.59042 -118.6044 -148.2323 -182.524 -221.7081 -263.7684 -304.8285 -341.183 -369.5146 -389.3192 -397.7334 -391.2336 -372.0714 -353.7564 -351.2306 -358.4118 -353.2376 -318.1597 -257.7354 -203.5803 -161.4898 -130.929 -98.36302 -72.91659 -57.23211 -51.14836 -55.02306 -67.21062 -80.39146 -87.23442 -87.52701 -85.66832 -82.51971 -82.68147 -82.12521 -82.35873 -86.47803 -95.73899 -102.3791 -98.10071 -108.4583 -146.6226 -210.8178 -271.0307 -316.0504 -346.4083 -370.0226
