examples/Data/Jakobshavn_2008_2011_Composite/grids/jakobshavn_2008_2011_composite_surface.txt
ncols         740
nrows         360
xllcorner     -230000
yllcorner     -2350000
cellsize      500
NODATA_value  -9999
[rows 168 to 195 of 360, columns 576 to 639 of 740]
2482.508 2487.545 2492.049 2495.711 2498.218 2499.583 2499.941 2499.624 2498.973 2498.311 2497.909 2498.01 2498.76 2500.22 2502.368 2504.872 2506.958 2508.923 2509.441 2495.811 2473.11 2470.027 2487.025 2512.928 2520.564 2522.78 2525.158 2527.679 2530.178 2532.761 2535.401 2538.002 2540.452 2542.691 2544.828 2546.768 2548.123 2549.288 2550.347 2551.726 2553.261 2555.012 2557.028 2559.168 2561.326 2563.457 2565.523 2567.675 2569.926 2572.36 2571.734 2545.423 2524.398 2527.252 2558.3 2584.237 2588.935 2591.333 2593.403 2595.483 2596.668 2597.143 2597.241 2597.334
2482.518 2487.553 2492.032 2495.698 2498.21 2499.584 2499.944 2499.622 2498.977 2498.319 2497.917 2498.022 2498.77 2500.228 2502.437 2504.665 2506.439 2507.826 2507.771 2494.437 2472.948 2470.193 2487.207 2512.404 2520.563 2522.785 2525.169 2527.695 2530.159 2532.746 2535.371 2538 2540.44 2542.691 2544.467 2545.598 2546.124 2546.888 2548.765 2550.97 2553.268 2555.01 2557.027 2559.167 2561.326 2563.458 2565.511 2567.668 2569.926 2572.373 2571.474 2545.412 2524.522 2527.187 2557.841 2582.966 2587.374 2588.965 2591.608 2594.438 2596.562 2597.137 2597.24 2597.343
2471.6 2487.579 2491.931 2495.623 2498.098 2499.519 2499.888 2499.596 2498.977 2498.347 2497.954 2498.083 2498.818 2500.567 2502.772 2504.754 2505.742 2506.428 2505.785 2493.118 2476.311 2471.356 2488.206 2509.376 2520.577 2522.807 2525.199 2527.743 2530.094 2532.709 2535.312 2538.035 2540.434 2542.418 2543.704 2544.188 2544.192 2544.545 2546.086 2549.072 2552.277 2555.007 2557.024 2559.164 2561.327 2563.472 2565.489 2567.66 2569.93 2572.418 2570.003 2545.462 2526.405 2530.692 2559.469 2582.087 2585.471 2586.196 2588.099 2591.834 2595.148 2597.112 2597.238 2597.372
2447.647 2475.309 2491.908 2495.604 2498.069 2499.502 2499.888 2499.603 2498.991 2498.354 2497.962 2498.098 2499.261 2501.192 2503.263 2504.466 2504.879 2504.922 2504.243 2495.951 2480.888 2475.732 2488.601 2508.791 2520.58 2522.815 2525.21 2527.76 2530.069 2532.632 2535.218 2537.976 2540.336 2541.986 2542.718 2542.809 2542.648 2542.649 2543.573 2545.814 2549.926 2553.749 2557.021 2559.162 2561.329 2563.478 2565.481 2567.656 2569.929 2572.43 2569.759 2545.407 2533.595 2539.177 2567.29 2581.997 2583.677 2583.692 2584.756 2587.54 2592.03 2595.491 2597.236 2597.379
2411.14 2450.399 2479.189 2495.597 2498.059 2499.497 2499.897 2499.614 2499.004 2498.356 2497.965 2498.579 2500.072 2502.085 2503.349 2503.886 2503.884 2503.884 2503.887 2499.807 2490.065 2484.388 2493.382 2508.619 2520.582 2522.818 2525.214 2527.766 2530.058 2532.56 2535.137 2538.027 2540.336 2541.621 2541.986 2541.961 2541.938 2541.938 2541.961 2543.154 2546.017 2550.969 2555.521 2559.162 2561.33 2563.481 2565.478 2567.654 2569.929 2572.435 2569.688 2552.275 2545.355 2550.228 2569.208 2577.732 2579.098 2579.149 2577.975 2577.991 2580.671 2587.66 2593.273 2597.382
2386.406 2413.04 2453.754 2482.598 2498.054 2499.495 2499.909 2499.627 2499.017 2498.357 2498.457 2499.473 2501.22 2502.453 2503.024 2503.005 2502.99 2502.992 2503.01 2503.026 2498.241 2494.53 2499.684 2510.254 2520.539 2522.82 2525.216 2527.769 2530.053 2532.488 2535.453 2538.474 2540.747 2541.539 2541.678 2541.662 2541.648 2541.648 2541.663 2541.679 2543.154 2546.519 2552.344 2557.475 2561.331 2563.482 2565.476 2567.653 2569.928 2572.437 2565.53 2550.879 2544.615 2547.057 2556.619 2557.56 2558.394 2558.346 2557.439 2556.461 2557.754 2563.268 2576.999 2589.249
2375.335 2388.632 2415.655 2456.702 2484.923 2499.494 2499.908 2499.627 2499.018 2498.826 2499.39 2500.777 2501.848 2502.412 2502.401 2502.368 2502.344 2502.346 2502.377 2502.406 2502.418 2500.608 2504.123 2510.105 2518.696 2522.821 2525.216 2527.771 2530.051 2533.293 2536.702 2539.904 2541.405 2541.786 2541.779 2541.758 2541.738 2541.738 2541.759 2541.78 2541.786 2543.484 2547.383 2553.95 2559.44 2563.483 2565.476 2567.653 2569.928 2565.027 2552.172 2538.424 2531.197 2531.038 2530.684 2529.497 2527.946 2527.754 2528.75 2530.308 2530.797 2534.994 2547.234 2569.446
2377.25 2377.28 2390.67 2417.774 2458.627 2486.192 2499.908 2499.627 2499.496 2499.835 2500.92 2501.784 2502.279 2502.273 2502.257 2502.207 2502.171 2502.174 2502.221 2502.264 2502.28 2502.288 2504.064 2508.112 2514.932 2520.842 2525.217 2527.771 2531.279 2535.425 2539.374 2541.505 2542.26 2542.259 2542.255 2542.24 2542.226 2542.225 2542.239 2542.253 2542.257 2542.259 2544.204 2548.559 2555.587 2561.428 2565.475 2567.653 2566.409 2556.628 2540.4 2526.805 2521.07 2520.848 2520.292 2518.621 2516.728 2516.518 2517.945 2519.895 2520.606 2520.897 2529.169 2547.336
2378.595 2378.627 2378.66 2392.098 2419.136 2459.609 2486.542 2499.282 2498.897 2499.038 2499.781 2500.229 2500.279 2500.38 2500.61 2501.156 2501.579 2501.548 2501.051 2500.567 2500.368 2500.28 2500.233 2502.243 2506.77 2515.15 2522.237 2529.315 2534.169 2539.364 2542.064 2543.143 2543.142 2543.14 2543.117 2543.096 2543.073 2543.071 2543.065 2543.06 2543.057 2543.056 2543.055 2545.206 2549.823 2557.344 2563.33 2568.394 2567.608 2558.007 2546.852 2538.627 2538.569 2538.448 2538.15 2537.32 2536.49 2536.392 2536.355 2536.409 2535.934 2535.964 2535.978 2545.901
2379.703 2379.709 2379.712 2379.713 2393.124 2419.945 2456.191 2478.519 2487.833 2487.733 2488.155 2488.204 2488.292 2488.471 2488.927 2490.788 2492.083 2492.028 2490.264 2488.864 2488.467 2488.302 2488.218 2488.169 2490.382 2496.164 2511.277 2526.332 2539.257 2542.832 2544.229 2544.201 2544.2 2544.198 2544.175 2544.157 2544.139 2544.137 2544.127 2544.118 2544.115 2544.114 2544.114 2544.114 2546.375 2551.286 2561.066 2569.86 2572.773 2569.745 2565.458 2564.428 2564.521 2564.702 2565.128 2566.437 2568.003 2568.046 2566.096 2563.6 2562.272 2561.958 2561.803 2561.717
2380.778 2380.781 2380.758 2380.734 2380.668 2406.01 2441.057 2469.475 2472.509 2465.837 2465.839 2465.841 2465.846 2465.856 2465.873 2466.188 2466.354 2466.384 2466.097 2465.943 2465.91 2465.89 2465.878 2465.871 2465.865 2478.436 2500.216 2526.686 2540.583 2545.271 2545.271 2545.27 2545.268 2545.264 2545.239 2545.217 2545.197 2545.197 2545.191 2545.186 2545.185 2545.185 2545.185 2545.185 2545.184 2547.006 2555.266 2567.783 2578.482 2582.747 2582.76 2582.781 2582.818 2582.89 2583.059 2583.548 2584.08 2584.091 2582.895 2581.499 2580.461 2580.266 2580.169 2580.115
2381.846 2381.844 2381.818 2381.792 2393.324 2417.165 2450.994 2467.268 2465.005 2452.75 2446.486 2446.463 2446.42 2446.33 2446.066 2444.912 2444.087 2444.157 2445.285 2446.181 2446.386 2446.458 2446.492 2446.51 2455.518 2473.898 2501.369 2522.886 2537.727 2543.473 2546.172 2546.172 2546.171 2546.169 2546.166 2546.161 2546.157 2546.159 2546.164 2546.169 2546.172 2546.173 2546.174 2546.174 2541.917 2540.681 2547.448 2561.77 2576.323 2582.873 2586.124 2586.124 2586.125 2586.126 2586.13 2586.145 2586.164 2586.165 2586.151 2586.132 2586.127 2586.125 2586.125 2586.125
2382.583 2382.579 2382.552 2393.891 2417.04 2452.79 2477.917 2485.481 2474.445 2456.393 2444.096 2437.828 2437.845 2437.876 2437.935 2438.01 2438.001 2437.979 2437.908 2437.893 2437.852 2437.829 2437.816 2446.556 2464.352 2491.601 2510.501 2523.612 2530.28 2539.023 2544.503 2546.976 2546.976 2546.976 2546.977 2546.981 2546.986 2546.987 2546.984 2546.98 2546.979 2546.979 2546.978 2539.898 2531.304 2529.334 2539.753 2555.019 2567.023 2576.87 2583.385 2586.538 2586.539 2586.542 2586.549 2586.573 2586.604 2586.606 2586.584 2586.553 2586.544 2586.541 2586.539 2587.043
2382.434 2382.422 2393.747 2416.63 2451.538 2475.986 2489.62 2491.973 2487.668 2476.558 2457.509 2444.262 2437.106 2437.203 2437.412 2437.968 2438.289 2438.222 2437.683 2437.283 2437.121 2437.048 2446.449 2464.641 2491.941 2510.025 2519.735 2521.001 2525.365 2532.169 2540.494 2545.506 2547.681 2547.683 2547.687 2547.698 2547.71 2547.711 2547.701 2547.689 2547.685 2547.683 2543.242 2528.999 2515.999 2518.257 2535.603 2551.821 2560.698 2567.652 2577.357 2583.585 2586.449 2586.452 2586.459 2586.484 2586.517 2586.519 2586.496 2586.462 2586.454 2586.45 2586.775 2587.86
2381.304 2389.224 2412.121 2446.767 2474.121 2487.372 2489.619 2491.972 2494.148 2489.72 2477.521 2458.074 2444.462 2437.819 2437.584 2437.522 2437.268 2437.307 2437.334 2437.665 2437.874 2446.497 2464.544 2491.372 2509.802 2518.972 2519.734 2521 2522.971 2527.746 2534.501 2542.102 2546.502 2548.269 2548.275 2548.291 2548.309 2548.317 2548.311 2548.302 2548.298 2547.391 2538.44 2516.944 2504.637 2511.235 2535.63 2551.836 2557.521 2561.532 2568.689 2577.786 2583.308 2585.591 2585.605 2585.649 2585.7 2585.703 2585.663 2585.608 2585.592 2585.768 2586.624 2588.497
2383.948 2399.983 2434.61 2465.494 2485.296 2487.372 2489.618 2491.97 2494.148 2496.192 2490.618 2477.952 2460.607 2450.042 2445.606 2444.608 2443.898 2444.063 2445.056 2445.923 2451.985 2466.487 2490.457 2508.726 2518.507 2518.971 2519.731 2520.999 2522.97 2525.639 2530.745 2537.032 2543.694 2547.265 2548.737 2548.752 2548.769 2548.776 2548.772 2548.764 2549.448 2547.631 2534.124 2511.684 2500.119 2511.178 2535.675 2551.895 2557.521 2558.593 2563.188 2570.072 2578.007 2582.33 2584.033 2584.08 2584.133 2584.135 2584.093 2584.035 2584.171 2584.771 2586.401 2588.644
2390.152 2413.573 2446.222 2473.25 2485.299 2487.372 2489.616 2491.965 2494.147 2496.194 2498.006 2492.919 2483.338 2469.019 2461.106 2458.584 2459.92 2459.982 2459.134 2463.604 2475.017 2494.524 2509.212 2518.13 2518.507 2518.969 2519.728 2520.995 2522.969 2525.644 2529.032 2533.939 2539.517 2544.891 2547.828 2549.013 2549.035 2549.043 2549.033 2549.525 2550.901 2548.229 2534.068 2510.656 2499.834 2511.068 2535.759 2552.004 2557.519 2558.594 2560.701 2565.449 2571.69 2577.681 2580.819 2581.845 2581.997 2581.998 2581.968 2582.12 2582.667 2583.943 2586.02 2588.556
2402.668 2419.803 2450.339 2473.435 2485.304 2487.372 2489.611 2491.956 2494.145 2496.198 2498.015 2499.674 2497.045 2489.979 2475.605 2465.718 2459.329 2459.611 2467.568 2480.944 2500.342 2511.455 2517.706 2518.132 2518.506 2518.964 2519.719 2520.986 2522.966 2525.652 2529.036 2532.51 2536.948 2541.468 2545.743 2548.045 2548.913 2549.008 2549.331 2550.371 2552.47 2549.693 2534.854 2510.294 2499.198 2510.828 2535.946 2552.25 2557.514 2558.644 2560.748 2563.566 2568.261 2573.014 2577.274 2579.065 2579.724 2579.84 2580.072 2580.657 2581.807 2583.552 2585.878 2588.498
2410.431 2421.494 2450.152 2474.078 2485.315 2487.37 2489.597 2491.933 2494.14 2496.209 2498.037 2499.683 2501.182 2498.347 2487.154 2467.557 2452.857 2454.478 2473.42 2496.504 2511.393 2517.097 2517.715 2518.139 2518.505 2518.952 2519.694 2520.958 2522.95 2525.666 2529.043 2532.508 2535.758 2539.393 2543.07 2545 2545.311 2546.051 2548.202 2551.201 2553.269 2550.864 2535.074 2509.361 2497.418 2510.2 2536.457 2552.941 2557.498 2558.67 2560.766 2563.586 2566.943 2570.706 2574.184 2576.708 2577.84 2578.361 2578.935 2579.983 2581.507 2583.485 2585.835 2588.454
2415.073 2419.726 2449.998 2477.04 2485.336 2487.363 2489.561 2491.874 2494.125 2496.238 2498.094 2499.709 2501.159 2502.667 2495.821 2477.99 2461.807 2464.275 2486.285 2506.494 2516.214 2517.12 2517.737 2518.154 2518.5 2518.919 2519.626 2520.877 2522.894 2525.678 2529.06 2532.513 2535.73 2538.495 2541.544 2541.887 2541.576 2543.003 2547.026 2551.544 2553.578 2552.406 2533.814 2505.836 2490.723 2507.775 2536.264 2554.381 2557.448 2558.644 2560.733 2563.567 2566.838 2569.983 2572.947 2575.234 2576.822 2577.765 2578.67 2579.883 2581.488 2583.458 2585.865 2588.487
2414.29 2419.283 2449.874 2477.394 2485.341 2487.361 2489.552 2491.858 2494.118 2496.241 2498.103 2499.712 2501.154 2502.652 2502.691 2490.963 2480.656 2483.493 2499.405 2513.744 2516.216 2517.124 2517.741 2518.158 2518.499 2518.913 2519.613 2520.86 2522.881 2525.679 2529.06 2532.512 2535.722 2538.495 2539.169 2531.92 2523.899 2525.702 2537.313 2549.54 2553.578 2552.674 2533.871 2505.412 2489.945 2507.487 2536.453 2554.654 2557.441 2558.634 2560.725 2563.561 2566.781 2569.924 2572.661 2575.077 2576.768 2578.038 2578.867 2579.975 2581.479 2583.455 2585.87 2588.488
2415.188 2419.79 2449.984 2476.88 2485.333 2487.362 2489.559 2491.871 2494.118 2496.231 2498.085 2499.676 2501.131 2502.64 2499.006 2492.575 2485.988 2487.392 2497.999 2508.614 2516.215 2517.119 2517.736 2518.153 2518.501 2518.922 2519.63 2520.879 2522.891 2525.666 2529.053 2532.512 2535.738 2538.499 2536.918 2529.302 2520.875 2522.035 2533.935 2546.566 2553.49 2552.137 2532.978 2505.393 2490.594 2507.933 2536.037 2554.102 2557.456 2558.666 2560.765 2563.598 2566.796 2569.927 2573.169 2575.878 2577.825 2578.692 2579.213 2580.07 2581.473 2583.46 2585.854 2588.423
2409.061 2421.544 2450.128 2473.901 2485.312 2487.368 2489.594 2491.927 2494.131 2496.2 2498.027 2499.616 2501.12 2494.361 2481.938 2466.864 2459.339 2459.995 2469.721 2489.558 2506.703 2517.097 2517.714 2518.138 2518.506 2518.955 2519.697 2520.958 2522.944 2525.651 2529.034 2532.507 2535.767 2538.729 2537.104 2530.392 2522.572 2523.045 2533.086 2544.881 2552.51 2550.573 2533.436 2508.155 2496.547 2510.358 2536.191 2552.625 2557.505 2558.753 2560.864 2563.683 2566.846 2570.705 2574.46 2577.479 2578.877 2579.323 2579.496 2580.135 2581.456 2583.454 2585.821 2588.333
2399.813 2419.094 2450.31 2473.373 2485.302 2487.37 2489.607 2491.949 2494.137 2496.191 2498.009 2499.576 2490.219 2472.404 2449.328 2436.924 2432.285 2432.244 2437.907 2453.53 2482.05 2504.701 2517.707 2518.132 2518.507 2518.965 2519.718 2520.981 2522.957 2525.64 2529.029 2532.509 2536.209 2539.312 2539.443 2539.198 2538.232 2538.233 2540.352 2543.892 2550.225 2548.855 2532.482 2508.079 2497.073 2510.849 2535.814 2552.115 2557.516 2558.777 2560.892 2563.711 2567.847 2572.385 2576.609 2578.715 2579.485 2579.49 2579.494 2579.826 2581.122 2583.205 2585.806 2588.267
2384.884 2411.247 2445.389 2473.214 2485.297 2487.371 2489.612 2491.959 2494.14 2496.188 2498.002 2488.566 2468.025 2438.846 2419.938 2410.432 2409.229 2409.27 2410.657 2421.508 2443.977 2479.192 2504.902 2518.13 2518.507 2518.969 2519.726 2520.989 2522.961 2525.634 2529.027 2533.177 2537.253 2540.45 2541.966 2542.454 2542.446 2542.446 2542.453 2543.634 2546.427 2545.904 2530.811 2508.237 2497.445 2511.053 2535.677 2551.928 2557.519 2558.785 2560.902 2564.964 2569.953 2575.045 2577.854 2578.925 2578.958 2578.962 2578.94 2579.069 2579.941 2582.224 2585.2 2588.252
2377.013 2394.523 2431.69 2464.427 2485.295 2487.313 2489.557 2491.906 2494.142 2496.188 2490.502 2473.413 2445.018 2423.57 2412.689 2411.558 2410.853 2411.46 2413.27 2414.784 2427.655 2453.225 2487.538 2509.426 2518.508 2518.97 2519.729 2520.994 2522.964 2525.632 2529.975 2534.739 2539.131 2541.194 2541.914 2541.909 2541.904 2541.905 2541.909 2541.914 2543.347 2543.031 2529.281 2508.412 2497.62 2511.153 2535.616 2551.843 2557.521 2558.789 2562.328 2567.464 2573.138 2576.448 2577.816 2577.814 2577.815 2577.815 2577.816 2577.779 2578.212 2579.779 2583.312 2587.169
2372.136 2380.864 2405.62 2443.318 2472.924 2487.254 2489.5 2491.851 2494.144 2493.091 2484.148 2463.667 2445.69 2434.899 2435.049 2435.405 2435.873 2436.441 2436.833 2437.098 2437.177 2450.085 2471.752 2498.84 2513.193 2518.98 2519.732 2520.996 2522.965 2526.974 2532.198 2537.508 2540.381 2541.383 2541.38 2541.375 2541.372 2541.373 2541.377 2541.381 2541.384 2541.228 2532.097 2512.924 2502.164 2511.209 2535.584 2551.798 2557.564 2560.421 2565.233 2571.252 2574.889 2576.45 2576.417 2576.369 2576.341 2576.337 2576.356 2576.347 2576.319 2577.15 2579.662 2584.46
2372.182 2372.182 2384.561 2409.691 2448.009 2474.643 2489.442 2491.793 2492.121 2488.851 2477.535 2467.581 2460.368 2460.59 2461.126 2462.534 2463.849 2464.373 2463.79 2463.105 2462.838 2462.731 2471.411 2485.51 2504.255 2514.49 2519.733 2520.998 2524.594 2529.865 2535.893 2539.374 2540.782 2540.781 2540.778 2540.77 2540.762 2540.762 2540.77 2540.778 2540.781 2540.766 2536.219 2523.519 2512.827 2517.462 2535.565 2551.771 2559.335 2563.684 2569.674 2573.509 2575.241 2575.211 2575.176 2575.121 2575.082 2575.077 2575.103 2575.105 2575.079 2575.044 2576.405 2579.788
