examples/Data/Jakobshavn_2008_2011_Composite/grids/jakobshavn_2008_2011_composite_bottom.txt
ncols         740
nrows         360
xllcorner     -230000
yllcorner     -2350000
cellsize      500
NODATA_value  -9999
[rows 243 to 269 of 360, columns 186 to 247 of 740]
-206.0472 -190.1256 -170.7233 -148.9151 -128.2258 -116.1934 -115.1225 -122.302 -130.0226 -135.2845 -139.8456 -140.1187 -121.3409 -80.60769 -33.51692 -5.596036 3.978857 12.29329 34.29728 70.08203 113.2511 155.3757 181.5185 189.4731 186.2583 193.0114 204.4943 206.05 205.7978 207.23 218.8924 211.9834 190.5638 162.2749 143.0512 132.2421 114.4517 95.63594 81.77041 86.0509 99.79225 116.7346 129.9965 129.0839 119.7464 88.27507 65.92466 57.12589 80.64831 105.9264 97.40608 70.75344 42.05651 40.20188 48.11243 52.75726 49.68509 34.83165 6.368206 -41.15382 -97.28331 -145.4217
-183.5682 -162.7452 -136.2262 -104.637 -73.48457 -57.1129 -59.78453 -76.83327 -93.96139 -106.4416 -115.4925 -117.3254 -96.51006 -50.76751 4.430881 38.93263 50.71344 54.29826 68.22101 96.10171 134.4405 176.0034 203.8013 211.4776 203.1312 201.3464 202.837 201.3708 200.456 210.8664 231.8332 235.6238 217.9764 188.3827 168.7275 156.1664 142.4078 127.3001 119.4617 125.1672 138.5103 153.7623 162.6511 157.1525 143.4655 112.7582 92.13216 85.71581 109.4432 134.8037 125.8604 96.59955 62.06464 50.84055 47.4599 45.35548 42.68517 34.42433 12.45635 -27.34657 -79.04272 -129.8623
-163.3495 -138.8577 -106.8835 -66.30007 -23.72458 -2.496167 -8.944382 -36.06131 -60.82162 -77.83031 -90.11002 -96.07212 -79.99252 -38.24379 17.076 54.7033 70.23553 74.38625 85.60594 108.7499 141.3972 177.5893 204.4791 215.0558 211.0731 208.1063 206.7486 206.3904 205.34 216.4374 234.5161 241.3944 227.1152 204.3755 194.8495 186.2788 174.7345 157.183 151.6033 156.9949 169.0793 182.8598 187.8315 179.1804 162.9719 136.5746 118.526 112.4423 131.2861 152.2622 141.4619 112.6018 77.84632 61.33279 45.90208 32.76957 24.27017 19.77242 8.518603 -17.62465 -59.12741 -108.926
-146.0343 -121.3074 -88.33359 -42.95065 8.052457 33.6125 25.15825 -6.738845 -31.87204 -47.28014 -59.77678 -71.27575 -61.7367 -29.52611 16.35044 47.02399 63.35885 73.2694 89.04937 112.5575 141.2316 171.7654 196.1587 210.9714 214.3421 216.5775 219.6137 223.9231 225.564 232.4273 239.911 240.9487 227.669 214.1095 212.8569 210.4804 200.2775 182.3002 174.7415 178.5467 187.1517 195.6311 193.3124 185.0235 174.0332 160.5423 147.4669 139.4027 149.689 163.4821 151.1972 126.7514 97.37572 81.21799 56.40143 29.05823 4.595319 -5.572519 -11.43367 -20.09504 -46.8335 -89.15929
-129.73 -108.5401 -80.08472 -35.80901 19.19317 48.11156 40.49189 13.52275 -2.570677 -10.56093 -23.1308 -42.29034 -40.16833 -21.57949 5.925571 22.02395 38.13388 62.40122 91.74136 122.6889 150.1651 172.4905 190.8075 208.373 219.9961 232.8705 242.9471 255.6801 264.1005 268.0017 263.6251 249.5469 231.7282 223.92 227.8719 226.0372 211.4875 191.6339 183.7547 187.6586 191.7051 192.187 178.4809 171.5289 171.0837 178.3653 175.0015 166.1833 167.605 173.3121 161.2224 144.882 125.0492 112.861 82.25816 44.4901 4.352438 -19.39935 -30.29807 -29.03402 -41.87964 -74.04666
-111.4614 -92.69176 -68.86206 -30.07161 20.48866 49.20344 46.4355 29.77457 22.95521 18.56937 2.475652 -24.2484 -26.16258 -17.86344 -7.406476 -5.82427 11.00747 50.76111 94.34072 133.9332 163.5242 183.343 200.1931 219.7951 231.4906 246.5271 258.4067 278.0399 290.2524 292.2199 281.2538 259.993 240.9673 234.0306 235.1006 228.2052 209.4191 188.7121 179.5977 182.2358 183.8763 179.4815 155.9275 150.1031 158.6045 184.1432 190.3887 184.1581 182.4131 183.96 170.6965 156.7664 139.8318 132.1953 105.2221 67.21789 18.18356 -22.65077 -50.75356 -56.86741 -64.29601 -79.96477
-88.09595 -68.76345 -47.6276 -17.15245 20.97181 45.48248 49.45764 45.9349 44.71954 37.59641 13.71971 -19.92695 -24.03499 -18.75409 -13.60616 -17.06557 1.304709 48.93134 100.0305 144.7593 177.3432 198.7408 217.6099 239.1256 250.0435 261.3328 268.4994 285.4641 295.9463 295.9233 283.5946 262.949 246.3295 239.7637 237.554 226.4881 204.6817 181.3997 167.8045 166.7327 167.8638 164.5765 137.0444 130.3912 139.6012 173.8283 187.1359 187.7622 188.283 189.9316 176.4463 161.6206 144.6543 140.7061 123.8345 91.88937 40.80045 -13.76923 -52.47409 -67.5927 -71.97152 -76.65646
-58.64278 -34.6874 -12.06607 11.04158 33.09697 50.94511 61.21511 67.08397 64.76865 49.09031 17.08392 -19.60597 -23.25741 -14.05771 -3.177981 -2.914334 15.76806 58.36162 104.5294 145.8836 178.6808 203.8827 225.9067 245.8072 255.4111 262.2838 266.9408 277.0685 282.2465 279.7507 269.4283 254.8865 243.3528 238.3761 235.9801 224.4956 201.9337 174.1972 153.6989 145.8859 146.7207 148.0032 125.0145 118.2995 122.2488 153.4362 168.8719 176.9946 181.6104 185.726 172.5098 156.8192 139.3397 139.407 134.8268 109.4368 57.98818 -4.793623 -46.82519 -65.89516 -66.05385 -59.15199
-24.37169 5.691559 31.83587 52.07827 65.6401 79.77401 92.7113 102.0551 96.84106 74.10549 35.91534 -2.072396 -6.338316 6.713334 25.93725 32.03253 48.4164 78.29779 113.3223 146.8423 175.4425 198.5398 216.5797 229.0417 241.2164 251.5556 260.7883 263.6439 262.4183 257.1775 248.3348 238.1073 230.2092 226.7474 225.3113 214.4345 192.233 162.5487 138.0732 124.451 121.0508 121.0679 103.1475 95.42498 95.88651 123.079 144.3835 162.0012 169.0541 177.1848 170.67 163.4203 149.8063 149.2589 147.2051 123.5633 74.91977 15.62508 -20.41321 -34.66257 -29.23005 -16.54063
11.00747 48.62062 80.9343 104.891 120.7638 136.4612 149.9679 155.661 145.1981 116.7875 73.2765 34.165 24.1466 35.15162 54.5942 64.94662 79.46346 99.09009 123.4851 148.0065 168.9902 181.4752 190.6157 196.1889 215.0945 232.1379 246.6033 244.624 238.6013 231.3135 223.2267 215.0578 208.0387 203.179 199.664 188.5817 168.9978 142.9218 120.5141 104.8587 95.9694 88.78314 74.92593 69.61584 75.25989 101.6086 130.1526 157.1757 167.5067 175.5541 172.3294 172.4873 164.8146 161.6531 154.5033 132.0519 92.75375 46.5542 14.62966 -1.655498 -0.7767351 12.87964
43.78666 84.63419 122.6619 154.4795 181.4421 203.3692 217.8735 217.2001 200.9875 169.8368 125.1112 88.81284 72.37972 77.43301 88.56751 97.2581 106.5168 116.2693 132.1495 149.0686 165.4744 168.2671 170.8133 173.5894 194.5781 212.2571 223.7019 218.4962 210.4023 202.8613 195.8836 188.8239 180.5164 170.3233 158.6092 145.4891 131.3876 116.469 102.1232 89.89528 80.60412 71.65702 63.01836 60.00794 68.45702 93.2156 126.9725 161.0329 176.4496 185.8438 185.7984 189.0967 184.2947 177.8637 166.1667 145.4501 115.0658 80.75702 51.25224 30.19723 22.04472 29.86401
71.72869 111.2189 151.8256 191.0624 229.5585 257.0291 269.8126 260.8792 238.5893 204.5913 158.6053 128.8356 114.038 119.8864 123.2602 127.382 129.0555 126.7766 136.2202 145.9137 162.3872 161.2529 162.4813 162.3085 174.3011 184.996 190.233 185.5607 178.7809 173.4612 169.0166 164.1324 155.0809 139.3274 118.211 103.0306 95.14222 92.95078 87.77412 82.39627 78.49516 73.8522 71.1655 73.08461 84.37695 106.8387 138.7099 173.4753 194.6252 205.1199 206.8172 208.693 206.1634 199.4846 187.7253 170.1084 145.8462 117.2025 87.41266 60.72063 42.90451 41.87246
93.57631 126.4182 164.4477 205.7003 249.2948 277.5003 286.3 271.4118 246.554 214.8449 177.2821 158.5794 150.4878 155.0098 151.1117 148.5878 141.9313 129.5318 130.6915 135.0712 152.2234 155.1589 157.2581 152.0942 150.3043 152.1347 153.8113 152.3404 148.5141 147.3165 146.771 146.3729 139.8128 123.7095 101.9586 88.13171 83.84335 84.65009 81.5164 80.92184 86.30669 92.63582 97.77548 102.8697 112.0686 129.5866 155.9968 187.1732 211.2127 225.8205 232.3513 234.4219 231.5851 225.373 217.0263 203.8427 183.986 156.4236 123.8985 90.6293 65.64027 58.82967
108.5832 134.4351 165.7088 201.0971 238.0831 259.8102 262.6839 245.8649 223.372 197.7199 171.7887 162.1746 162.2159 168.0195 164.2393 156.5837 140.7923 118.8012 113.5172 117.6691 134.1876 139.815 140.1101 136.9803 131.3432 131.4956 130.8104 130.4518 129.4169 132.4954 135.9057 139.2745 136.7011 124.9215 109.6731 100.7887 98.35259 93.29456 82.33173 79.7541 92.40697 106.6935 120.4413 130.6987 142.8177 156.2383 176.9074 204.8687 230.3663 248.1238 258.2969 260.8397 256.0266 248.3028 241.858 233.4365 219.3323 194.4924 158.6547 115.7767 81.09837 71.60172
116.3321 134.5199 156.0037 178.2454 197.4629 207.7042 207.5778 198.365 184.9204 170.2779 159.0565 157.3055 162.952 169.8301 167.6792 154.7536 129.4341 102.8832 94.28934 101.6606 113.1725 117.3475 117.6023 121.9395 122.9497 124.2277 124.6814 125.809 127.1404 134.547 142.33 147.2416 143.5047 135.4035 131.8461 131.9485 129.4777 113.6174 90.83589 75.29663 83.87288 101.5597 130.0194 153.5432 171.7417 181.0905 196.3492 221.7363 248.221 267.1636 279.6539 282.3075 273.686 261.5098 254.0585 250.675 245.3671 227.385 188.4919 131.8714 83.6643 74.06367
118.0884 129.5639 142.0069 151.9073 155.0388 153.6362 149.8891 146.4348 140.9593 134.3147 130.5301 134.8564 147.4363 162.3216 163.1616 145.0898 110.0442 77.84832 67.2021 75.68293 85.88698 91.68733 98.12625 115.12 127.0404 133.0625 133.9032 134.2584 136.0115 144.2396 153.4083 157.4452 152.6617 147.3735 149.1794 153.3328 148.9862 126.8737 94.89185 66.8812 65.52436 80.52846 116.1862 150.7727 178.4126 191.4129 206.2748 229.0492 253.9481 271.5719 283.0653 285.804 276.387 261.3892 254.8277 256.7191 261.1583 246.5275 201.7397 131.8654 78.43005 75.09331
115.7876 122.7368 129.7571 134.0046 131.9796 121.9791 111.4038 103.551 100.1742 96.16833 93.82925 100.6734 117.9731 140.3968 144.9684 126.1034 87.02448 50.02447 33.74783 37.37779 48.2051 61.3249 80.89886 108.6385 133.1142 144.7477 148.696 145.4694 144.0564 150.0214 158.743 163.0726 159.5376 158.0762 163.7494 167.8396 157.8491 129.579 92.34299 55.46788 42.56137 51.70859 86.62169 125.9985 159.7598 181.0478 200.3298 222.4574 244.4881 259.1227 267.7249 269.2403 260.1402 246.0233 245.1235 253.5691 263.9755 248.3853 201.4323 132.5002 86.66683 89.05927
110.8335 115.0829 119.472 122.3488 120.8679 107.3868 90.69286 74.96349 68.05437 62.5585 59.27144 64.74966 80.44401 101.3092 107.5438 93.07607 60.03586 26.14313 2.537823 -3.54674 3.886026 24.77958 55.56482 94.55688 132.5886 152.8696 155.9854 145.845 139.5158 141.2826 148.0403 154.9245 159.8797 166.3264 173.4895 172.6873 155.0424 120.4779 78.58939 41.92767 29.21492 40.91932 70.42322 102.8718 132.9641 159.8586 184.1797 205.7567 223.253 233.9017 238.0829 237.4712 230.6874 223.0567 231.1775 244.9716 254.6911 234.2515 189.3744 133.1329 102.1759 105.1917
103.9241 106.2768 108.6386 110.106 108.7617 94.64585 75.4645 55.01718 43.7009 34.61569 27.7702 28.63092 38.15636 52.93613 60.25341 54.90816 35.76384 14.63974 -9.9259 -25.52651 -29.32684 -10.42396 24.27681 67.60556 111.3947 135.4189 138.4205 125.8417 118.3821 119.6287 127.4925 138.9757 152.6574 168.6301 182.9111 180.4259 154.8951 109.4222 61.62518 25.82335 20.67169 44.99302 79.81739 108.1555 128.2893 150.2031 171.6578 189.4487 201.538 207.6669 208.5217 205.3775 199.4291 198.3601 212.7423 228.5857 233.3382 211.5175 175.2772 137.0468 115.7827 111.402
95.59461 96.40056 96.19296 93.50346 86.43217 72.59169 55.60804 38.6607 25.05131 12.66954 2.39158 -2.15317 -0.83958 4.302145 13.09561 21.51849 24.79757 19.69357 -4.194505 -32.277 -51.84269 -43.08461 -13.2081 24.9894 62.79916 84.16064 88.63228 81.79473 80.00512 85.67846 97.67429 114.4767 135.2363 158.7637 178.9588 176.2534 145.2406 91.9521 40.47633 7.232377 13.4392 55.09536 103.7097 134.3814 147.4462 159.1616 170.8281 178.8953 183.1513 183.8826 181.5605 177.1176 172.6801 175.6425 189.4118 202.2649 202.3126 183.1815 155.0572 126.9475 107.5408 95.92956
86.62247 86.9328 85.24305 79.45724 67.77135 53.60164 38.77739 25.25151 10.74454 -3.956229 -15.1531 -22.79935 -26.49987 -26.18464 -14.11036 6.249791 22.94699 23.3286 -2.606827 -40.39542 -69.98393 -72.98569 -53.46324 -27.09357 -2.788673 11.11928 17.25702 20.44727 28.84949 41.96193 59.37049 80.72521 105.7492 133.13 156.6067 153.8523 120.5232 64.26473 14.80173 -9.633763 9.787766 65.35052 123.5939 158.5083 169.5858 173.4171 173.9378 170.6818 166.5441 161.9576 156.9319 151.9914 148.9523 152.2731 162.0921 169.8338 167.0787 151.1369 128.7881 105.9469 87.08516 72.11467
77.67029 79.30591 78.88837 74.35471 64.00392 50.78996 35.57839 19.75346 1.609634 -16.49569 -29.50933 -38.75776 -43.89932 -42.8832 -27.25903 -1.777966 17.52927 13.29175 -16.84925 -59.13882 -90.71468 -100.7784 -92.04176 -78.36294 -67.74013 -61.98518 -55.44655 -44.112 -26.70386 -6.874085 14.95476 38.80496 64.36607 89.91269 109.4248 105.2241 74.11537 24.33202 -14.80473 -25.16597 7.362004 71.00819 131.506 167.1161 177.0831 176.3872 169.6168 158.0829 147.8277 139.4568 132.6246 127.4277 124.8701 126.9496 132.5187 135.8521 131.4073 117.7845 98.86885 78.57296 59.84615 43.51217
68.77834 73.50542 76.99789 77.68231 73.67947 62.77634 44.86575 21.56612 -3.697656 -27.58042 -44.67767 -54.12144 -54.77817 -46.90107 -29.682 -10.67112 -2.626467 -15.22643 -46.41423 -85.03799 -114.2282 -127.2767 -126.1372 -121.1153 -118.3513 -118.1878 -113.2317 -100.1721 -79.13361 -56.1172 -32.22636 -8.074031 15.35713 35.73357 47.7805 42.11989 17.19267 -18.84327 -42.89923 -38.88582 0.6450551 62.87915 117.3654 149.8533 159.3834 157.9156 149.4689 135.7388 123.7452 114.1939 106.8506 101.761 99.43995 100.4488 103.017 103.5291 97.97704 85.47699 67.83115 48.09124 28.75165 11.18279
59.35176 68.1268 76.59639 83.48409 86.24825 77.60217 56.45494 25.13697 -7.949312 -38.86941 -63.37251 -74.11024 -68.17922 -55.39984 -42.99791 -39.19767 -42.74388 -58.78592 -85.31126 -115.7356 -139.7938 -152.8655 -155.7807 -154.6821 -153.4568 -152.9094 -150.3463 -141.5163 -125.0651 -103.0488 -79.1954 -55.96325 -35.19519 -19.29583 -12.00903 -17.28423 -34.87986 -57.59602 -68.43388 -56.65051 -19.29833 31.67652 76.01472 104.1634 114.4582 115.8738 111.3655 102.8979 93.79984 85.54661 78.86145 74.31908 72.58687 74.08616 76.52971 76.47932 69.86742 56.35057 37.5724 16.64003 -4.143888 -23.28993
48.58939 61.50753 74.51871 86.16373 92.95612 85.42626 61.78292 25.20798 -13.64365 -50.09339 -80.26459 -96.18627 -92.00518 -83.06974 -77.34168 -83.49809 -92.02519 -106.2711 -126.1546 -148.3048 -166.8885 -178.6743 -183.3846 -183.9011 -182.8838 -183.6096 -185.7555 -182.6086 -169.8447 -148.0221 -124.1229 -101.8072 -83.01873 -69.5746 -63.79481 -67.06432 -77.78419 -89.48817 -91.41462 -77.65839 -48.89275 -13.80127 19.68032 45.15928 60.09548 67.15847 68.44071 66.39222 61.03611 54.64314 48.91703 45.05414 44.25178 48.38692 55.22015 57.18532 48.99872 30.83426 8.58239 -14.63684 -37.00811 -57.20787
35.94938 52.69321 69.25672 83.83276 92.27104 84.72149 59.20618 19.7635 -22.1347 -61.29974 -94.769 -117.1308 -123.3983 -124.6008 -127.1947 -135.3933 -142.7341 -151.2515 -164.3533 -179.8217 -194.1039 -204.8115 -210.6888 -212.4992 -212.3279 -216.144 -224.4424 -225.6029 -213.6011 -189.3168 -164.925 -143.5577 -126.2487 -113.6898 -106.7418 -107.5603 -113.3833 -118.5645 -114.5897 -99.93603 -77.83131 -54.18321 -28.07744 -3.116899 17.78411 29.79773 34.07894 33.38119 28.83148 22.93858 17.61599 14.24081 14.34998 21.09355 32.24121 36.33447 26.84985 4.489124 -20.78134 -45.52378 -68.13065 -87.04376
21.38042 41.63178 60.72823 76.7664 85.95675 77.47093 49.98453 8.208954 -34.36305 -72.59347 -104.6658 -128.9557 -142.8874 -152.7297 -161.4919 -170.9216 -178.0525 -184.569 -194.1238 -205.7455 -217.6383 -228.4957 -236.3084 -240.5912 -242.5168 -251.9389 -260.4387 -260.9081 -244.458 -221.2396 -199.0064 -180.0741 -165.0323 -154.1242 -147.8355 -147.4055 -148.8451 -147.0768 -136.6558 -119.0335 -98.09285 -77.80155 -54.42631 -29.90646 -6.846639 5.871958 8.695404 4.603988 -2.258991 -9.280855 -14.91834 -18.11692 -17.59225 -10.28627 1.83831 6.202306 -3.567005 -26.81898 -52.14416 -75.87077 -95.96983 -109.9058
