examples/Data/Jakobshavn_2008_2011_Composite/grids/jakobshavn_2008_2011_composite_bottom.txt
ncols         740
nrows         360
xllcorner     -230000
yllcorner     -2350000
cellsize      500
NODATA_value  -9999
[rows 54 to 80 of 360, columns 186 to 247 of 740]
81.85091 105.4691 126.1478 133.4465 125.054 115.204 110.0214 109.4011 109.4641 109.8562 111.1111 113.8799 118.9438 127.3294 140.1213 157.7616 178.4972 196.1432 202.4308 178.9872 131.7585 94.78097 98.63725 146.3394 208.2723 254.8082 277.806 279.968 280.1784 283.1655 289.3848 298.0892 308.4007 319.6965 331.8393 345.4176 361.8569 382.4372 403.008 409.9405 401.1029 381.4377 364.1141 349.5121 334.11 312.4994 283.0257 247.4922 211.2686 178.062 150.3457 129.7192 101.5578 67.87853 32.79279 19.39494 26.74077 48.77476 75.6835 105.374 138.4148 173.7545
81.89222 107.2703 125.2624 129.5909 118.4942 111.948 114.0889 121.266 128.9394 136.7856 145.398 155.548 167.993 183.4708 202.4372 224.3507 246.1999 255.6673 243.28 199.8192 141.1231 101.9153 105.3239 150.7978 209.4162 256.144 281.7647 288.5692 290.0453 292.122 296.4399 302.8647 310.7247 319.3435 328.2965 337.6046 347.8713 359.9886 373.9366 380.1772 376.3516 363.0212 349.7243 337.3245 322.6949 301.9074 273.1177 237.9912 200.4797 164.6599 133.4902 107.8016 78.15448 45.37848 14.74306 4.10243 13.83571 38.54779 69.0117 102.5839 138.4037 175.1454
85.19151 112.8669 129.449 127.3479 114.9504 113.5882 124.2309 137.3103 150.7545 164.4684 179.0331 195.1534 213.2824 233.6409 255.7756 277.5724 295.6281 293.9575 264.6967 207.6481 144.3685 106.6693 109.509 151.4243 207.0263 253.1876 280.4862 290.267 293.695 296.4116 300.3788 305.7771 312.0727 318.4928 324.2107 328.4922 331.1388 333.6159 337.8701 340.7733 340.1138 334.8705 328.9024 322.6645 313.1161 294.8898 265.8428 227.7646 186.0006 144.5348 105.7925 70.68369 37.9357 8.810753 -11.1304 -13.53904 2.051165 30.38465 64.13377 100.5763 138.1339 175.0564
83.112 101.1923 113.6103 114.0825 110.5073 119.0869 138.0146 155.9672 173.8493 191.9424 210.9007 231.3834 253.1639 275.6635 297.2515 313.1383 321.5844 308.5903 271.4371 211.4864 149.9862 112.4923 112.5971 149.3989 202.9476 248.5309 276.5628 287.4095 292.6516 296.9163 301.7473 307.3136 313.1693 318.5426 322.3786 323.3212 320.1896 315.6318 311.2321 308.6284 306.3546 305.0742 305.3958 306.433 304.1073 289.4459 259.5106 216.5109 168.8824 120.731 73.97446 30.24486 -4.740822 -28.97739 -37.61516 -30.97514 -9.071309 22.93055 59.71711 98.5219 137.2561 173.4375
86.20655 86.08352 93.15541 98.83806 106.5745 124.9893 151.2009 175.7885 197.5746 218.5818 240.1301 263.3228 286.4893 307.7881 323.3264 328.6881 323.8224 301.9622 263.1121 208.9451 154.834 119.1829 115.0858 144.1207 192.6214 236.5004 265.5353 278.868 287.3249 294.4202 301.2763 308.1016 314.6738 320.4952 324.8022 326.5124 324.3523 318.3253 306.6741 293.2099 281.7935 277.7706 280.665 287.3614 291.7664 280.6573 249.877 202.2179 149.4201 96.13387 44.21494 -3.737119 -38.94136 -59.26277 -60.32851 -46.91745 -19.59094 15.82478 55.38356 96.40232 136.3846 172.0959
96.49669 81.71844 89.42859 103.7701 121.5438 145.1733 173.5265 201.0871 223.192 244.448 265.8774 290.1377 312.3968 330.3407 337.6958 331.9276 315.2057 287.7158 250.2982 204.3477 159.0829 126.1444 116.6101 135.0599 173.988 214.6837 245.7508 264.8636 278.812 290.1086 299.8991 308.734 316.8146 324.1203 330.4826 335.515 337.8416 331.4869 313.7978 288.5191 266.2401 254.6619 254.9077 263.7238 272.8676 264.5396 233.3541 182.5026 126.9522 71.61303 18.05781 -31.00382 -66.56908 -84.28902 -80.57901 -61.32175 -29.72853 8.747773 50.89404 94.08572 135.4227 171.0033
105.5083 90.01417 103.6434 127.1691 150.6611 177.5234 206.5001 234.1596 251.3833 269.7887 287.0215 309.8924 327.1541 339.6336 339.1354 326.0808 303.362 274.4816 239.3603 199.9383 161.8214 132.3703 119.2515 127.8152 154.8244 190.2306 223.3712 249.7951 270.1412 285.9754 298.8293 309.7923 319.5397 328.4908 337.0001 345.5511 354.4852 350.3621 329.7542 293.7437 260.0938 237.2607 229.3235 234.4005 244.1841 236.7755 206.0087 154.8919 100.5348 47.12756 -4.523367 -52.48705 -89.84158 -106.6313 -99.79333 -74.24886 -38.95484 1.865826 46.18737 91.26665 133.1524 166.092
105.5829 94.29377 114.605 150.2501 190.1964 225.3603 253.9234 273.8443 283.0755 294.9974 305.8035 322.792 333.1279 339.1351 333.7096 317.1915 292.5265 263.3784 230.6153 195.9963 163.1608 136.9834 122.7134 125.1074 142.7279 173.5628 207.9579 240.4738 265.4419 284.3614 299.3252 311.8366 322.8447 332.9358 342.4695 351.7568 361.9363 358.7141 337.9752 299.0398 258.9722 226.5108 206.9422 201.6303 203.9899 193.8688 164.6989 118.6358 70.61339 23.29803 -23.14726 -67.62665 -104.8336 -119.5392 -110.0339 -80.54196 -44.78252 -3.918849 41.63841 88.50333 131.2199 160.3509
101.7413 97.19338 120.391 166.1311 222.9753 268.7589 298.3764 312.3086 314.9795 319.5672 322.9806 331.1201 333.2844 332.1422 322.9421 305.4118 281.4572 253.5706 223.2363 192.213 163.2362 140.0593 127.3905 130.3322 148.2366 178.8497 212.4477 243.7321 267.9611 286.8205 302.1505 315.2204 326.8802 337.7075 347.963 357.2983 365.7157 361.123 339.8598 301.5923 260.061 222.2579 192.9496 174.0996 162.1371 144.8043 117.2694 80.31599 41.7031 2.543887 -36.77125 -75.23557 -108.4366 -118.1599 -105.6567 -75.73966 -44.32682 -7.411093 37.61243 85.81894 130.5138 155.1865
117.2039 122.3413 147.6277 193.2202 257.4498 308.1905 337.4586 346.4011 345.4373 342.9612 340.0288 338.4622 334.0066 326.413 313.5389 294.9419 271.6044 245.0903 216.8261 188.4476 162.2047 141.3019 130.7027 139.5385 167.7551 203.9515 235.3242 257.8258 276.5052 292.752 307.054 319.8158 331.5202 342.7881 354.3853 366.4611 372.5792 364.6707 339.3148 302.2502 262.0641 223.973 191.0216 165.3296 145.6811 122.9016 93.9819 58.7325 23.70258 -11.39612 -46.29297 -79.30301 -103.3851 -101.7068 -82.33662 -54.26861 -32.84216 -5.390449 34.80938 81.99963 125.3808 145.2888
147.1162 164.3572 193.7408 235.9824 296.4688 345.5002 372.4271 377.9759 373.0336 364.6447 355.4262 346.3268 335.8026 323.0238 306.8565 286.9148 263.661 238.0731 211.3358 184.9209 160.8194 141.9669 133.5497 147.4364 184.7384 225.5829 255.625 270.991 285.5385 299.7802 313.0587 325.1487 336.2182 346.8064 358.1506 372.9466 378.2941 368.1819 338.3276 301.485 263.7409 228.4752 197.7461 172.6315 152.3612 127.2262 95.30627 56.5625 18.93273 -17.44395 -51.89131 -81.33884 -95.33047 -80.02194 -50.83163 -21.32999 -6.670431 8.181563 34.03776 68.85252 104.6916 121.0654
171.5904 194.8576 231.0228 278.2628 337.1449 384.0581 407.6721 408.5803 398.5154 384.4157 369.3584 354.2754 338.6135 321.651 302.6424 281.2446 257.6489 232.4961 206.782 181.908 159.83 143.3341 136.869 149.3424 180.955 219.2098 251.378 273.2062 291.0764 306.3943 319.6256 331.0783 340.9763 349.5897 358.021 370.3568 372.9105 361.2987 331.1131 296.7095 262.8751 231.9673 205.8118 185.8038 170.6376 147.372 112.9143 67.95695 24.02729 -17.2342 -54.40027 -82.7053 -89.42902 -66.10662 -27.54498 10.02568 32.76756 44.09102 53.41663 64.46086 80.55647 89.58952
191.3144 208.4801 246.177 306.3449 373.1997 422.0213 442.8867 437.6682 421.5837 401.8792 381.6263 361.7232 341.9232 321.6367 300.2692 277.4807 253.3121 228.2209 203.1285 179.5428 159.7113 146.6401 143.9281 154.6035 176.8973 209.2568 243.2093 274.1968 297.1495 314.1728 327.394 338.0224 346.4044 351.9968 353.6012 356.4881 352.6718 340.8636 315.8442 287.0875 258.41 231.7576 208.8772 191.393 177.5174 155.9349 122.1752 77.01727 30.43478 -14.18546 -53.54107 -80.4905 -82.76448 -57.81392 -13.98792 33.42645 73.90802 89.73763 86.39536 72.59869 69.26322 72.01862
212.5817 219.4062 253.3035 326.1167 402.2328 453.9528 472.7104 462.0639 440.5716 416.0786 391.6302 368.0413 345.1187 322.3304 299.1345 275.1711 250.3833 225.1291 200.3578 177.9002 160.8099 153.1833 157.7325 173.2095 195.2959 225.0606 257.1643 287.9467 309.9827 325.5752 337.2462 346.3976 353.3767 357.3593 354.0586 345.9607 333.062 318.1551 298.7051 275.9958 252.183 228.5027 206.4444 188.671 174.9667 155.3019 124.4539 81.8106 36.04935 -9.593634 -50.24292 -74.51623 -71.48964 -42.91962 2.848216 51.37844 98.71114 120.3061 117.0317 93.97025 78.44879 74.9167
237.4059 240.8821 274.5706 348.4489 425.8197 477.028 493.2864 478.9584 453.7277 425.9557 398.6912 372.667 347.6784 323.2242 298.7935 274.0072 248.732 223.258 198.6271 177.2248 163.8185 163.4266 178.3506 205.6591 239.6472 271.9403 298.312 316.8963 330.4681 340.697 348.8981 355.5711 360.2033 361.0022 354.0674 340.2885 323.1154 306.0699 288.7393 269.3718 248.3441 225.685 202.0955 180.6999 164.9241 146.0623 119.8224 82.62743 41.71047 -2.309718 -43.98949 -64.88896 -52.38446 -10.40628 39.10155 80.60902 114.8099 130.0479 127.4186 107.9522 92.56082 87.68369
261.2862 266.5525 302.9571 372.0825 444.7208 491.7811 504.5886 487.2368 460.0042 430.8035 402.3549 375.2506 349.2812 324.0095 298.9952 273.866 248.4192 222.8635 198.3314 177.854 168.2891 175.3398 200.5876 239.1624 283.2128 318.4517 339.9513 348.0941 352.6531 356.6274 360.924 365.2798 368.345 367.6068 360.6756 345.7473 326.9436 306.9311 288.561 269.7494 249.6304 226.7305 200.1689 172.3199 148.7562 127.1596 105.7188 79.4734 49.45567 10.91603 -32.15201 -51.43084 -31.08858 25.78816 79.06426 110.7275 124.1424 126.5809 122.7408 110.4469 99.58453 95.4511
288.4212 295.7065 332.9895 391.4524 453.4379 493.3278 502.8563 485.189 458.7281 430.4066 402.5793 375.777 349.8763 324.5995 299.6773 274.7974 249.6793 224.3764 199.9941 180.0124 173.1721 185.4543 218.3071 264.7879 314.9159 352.3244 370.864 372.9209 370.8038 369.7481 371.1422 374.5496 378.3792 379.5368 374.148 359.8389 339.3128 316.7753 295.761 276.1074 256.4633 233.7475 204.5254 168.8907 133.5592 105.2175 87.03173 74.01488 60.38244 32.90924 -6.335957 -27.61135 -9.449949 46.85125 98.26803 125.1649 128.5361 122.4752 115.1762 106.4808 99.52802 96.52323
319.4854 326.8402 355.8339 400.5219 448.5146 480.0313 487.6095 473.2374 450.5889 425.437 399.9219 374.6628 349.7361 325.1433 300.9577 277.0001 252.8869 228.3618 204.2784 183.9678 177.0173 190.7444 227.5241 280.0876 336.6857 376.5313 392.6326 388.5924 381.1919 376.8125 376.8499 380.7785 387.6023 395.3699 393.6701 379.4557 353.8058 327.3636 303.7417 283.6857 266.1756 246.2523 216.3484 173.5863 124.2695 85.7147 67.12188 64.24763 63.97514 47.55861 16.34302 -5.233922 4.316473 45.99377 87.26969 110.0145 113.2672 107.4756 101.8233 97.24387 94.38699 93.58679
339.2683 345.9163 366.3816 398.2825 433.3661 457.5258 464.5781 455.0653 437.9932 417.5503 395.5669 372.7804 349.5024 326.075 303.187 280.8499 258.5474 235.458 212.0464 190.7616 180.3772 190.7545 226.1441 281.2287 342.7727 384.3496 398.7834 389.9257 379.9587 374.9174 375.4015 380.0393 387.3804 398.2909 399.5507 387.6905 360.6881 332.456 307.3591 287.631 274.4576 260.9842 233.3659 184.854 122.6017 73.27744 50.00063 49.54744 54.8742 46.9494 26.90995 8.279815 8.470797 29.32544 54.86792 72.31538 79.56693 80.93927 82.06744 83.75803 86.09 88.97379
344.9236 350.7276 365.2139 386.922 411.5677 430.2987 438.3541 434.6089 423.949 408.9235 391.0989 371.3702 350.2511 328.3204 307.2332 287.1258 267.374 246.1713 223.568 201.1055 185.7306 188.5482 215.6363 264.2795 321.2957 360.9612 376.2848 370.4135 364.0417 362.5252 366.2211 372.653 377.629 385.9602 387.422 379.784 356.3675 329.3062 303.6407 283.5401 274.7769 267.4954 243.4729 190.7906 120.3674 63.82236 34.91311 30.99682 33.21297 27.4832 14.20533 0.3738682 -4.582047 1.512776 12.80631 25.12817 36.83019 48.29652 58.87259 68.21955 76.42279 83.67969
345.7646 349.4527 358.5537 371.7584 387.2119 402.1335 412.5682 415.8455 411.6672 401.8485 388.1551 371.7814 353.4856 334.0652 315.4644 297.881 280.5602 261.3017 239.7251 216.5868 196.3628 188.7538 201.2538 233.7063 275.6141 308.8644 327.2294 332.0034 334.8842 340.4268 350.3837 362.5864 367.5112 371.9074 370.6549 364.7978 344.5396 318.8531 292.892 272.7622 264.1242 258.201 235.7598 183.6875 113.7929 56.87145 24.22588 14.88942 11.61812 5.267016 -5.462265 -17.68486 -26.59115 -30.04229 -29.04053 -20.24137 -4.216552 17.15602 37.05388 53.69557 67.30505 78.41837
343.3759 347.1461 354.1219 363.1317 373.1497 385.6928 397.2356 404.8485 404.6003 398.2994 387.9137 374.7803 359.7715 343.7069 328.239 313.4606 298.5427 281.3441 261.132 238.2698 215.4191 198.7366 194.7627 205.554 225.0127 248.1737 268.862 286.2836 298.9832 310.9693 326.8642 346.0598 357.778 364.5828 363.3381 353.8959 329.1539 299.8161 272.9424 254.1291 243.4509 233.9919 211.327 164.6905 104.6038 53.97155 21.28052 6.396224 -3.046746 -12.54453 -24.02369 -36.78671 -48.26579 -56.37795 -60.93696 -53.40627 -33.90747 -5.006575 21.54688 43.28336 60.7949 74.80195
338.9492 346.449 355.7375 366.6845 378.9159 391.3417 400.9226 405.4623 404.3124 398.9164 390.5821 380.2693 368.7289 356.6924 344.9278 333.3656 321.0805 306.5094 288.6162 267.3268 244.1072 222.2536 206.6804 200.1991 200.5301 211.5885 228.8913 250.2569 265.9601 278.3638 296.184 321.3191 344.6893 356.7635 355.2963 338.8679 309.3744 277.1274 250.1339 232.5821 218.4771 204.4354 181.5933 144.9786 100.4053 59.21574 27.39308 5.582384 -10.55867 -24.27037 -37.82643 -51.06836 -61.29401 -67.73506 -70.21803 -61.5667 -41.03667 -11.42834 15.87694 38.91636 58.27289 74.5293
337.4357 348.8514 362.2122 377.9537 395.7744 408.778 414.6202 412.5127 408.1341 402.2967 395.2419 387.3086 378.971 370.7513 362.9931 355.4124 346.9853 336.195 321.7346 303.2074 281.6619 259.56 239.8499 225.0414 213.9678 212.834 219.9661 234.1712 244.3273 248.4053 261.1862 286.7536 319.4177 336.3988 335.0768 314.8671 284.1102 251.6019 225.5512 208.1557 192.721 176.3891 155.1129 127.1968 95.55058 62.84504 32.58029 6.098392 -14.97102 -32.06734 -47.0639 -58.65903 -64.1619 -64.56625 -61.03608 -49.78587 -30.10543 -4.587657 18.7941 39.84009 59.28389 77.47922
339.3672 352.8225 368.1478 385.5356 404.2599 416.5757 420.634 416.614 411.5024 406.1489 400.5282 394.7875 389.3598 384.778 381.3012 378.5303 375.2251 369.5134 359.4724 344.27 325.0556 305.0086 287.2253 272.5232 258.4493 245.962 238.1971 238.2177 240.6739 234.1808 234.2753 251.3024 283.3637 302.5439 299.7022 280.4842 254.7527 227.3667 203.554 184.7102 167.6956 150.2722 130.5272 107.9734 83.76553 56.92274 29.16283 2.113717 -20.44389 -38.43891 -52.50464 -60.33355 -59.70222 -53.17793 -42.2871 -26.58223 -8.430429 10.18393 25.90527 43.02697 61.53355 81.13061
343.7086 357.3064 371.886 386.8914 401.0361 411.0279 415.5418 415.1133 412.6103 409.2527 405.4978 401.7779 398.8408 397.6008 398.5632 401.3802 404.478 405.2709 400.4938 388.3527 370.1244 351.1357 336.0263 324.2096 309.3839 288.7577 266.8676 251.7951 241.8394 222.8153 206.3332 210.7024 235.6364 257.6035 257.4711 243.7958 223.6631 201.3127 180.0596 161.0302 143.1227 125.1116 106.1029 85.895 64.58645 41.34824 16.81843 -7.349551 -28.27466 -44.56433 -55.13523 -57.94658 -52.73394 -42.45765 -28.93816 -12.60089 3.012861 17.09411 29.20111 44.34695 62.25946 82.40009
350.3579 362.7428 375.2559 386.9664 396.5773 404.3041 409.4518 412.4746 412.932 411.8695 409.9097 407.6587 406.3556 407.7488 412.92 421.8483 432.4852 441.4006 442.7588 432.931 412.5114 390.7396 374.9338 361.7313 341.7263 312.7649 281.8957 258.1526 239.2133 213.5039 187.7808 181.1481 195.4738 214.345 216.6079 207.7177 192.4599 174.2239 155.3744 136.9476 118.7871 100.4242 81.58324 62.47493 43.51833 23.1029 1.761498 -19.39796 -36.92077 -48.95256 -54.15881 -52.33142 -44.84081 -34.09855 -20.85663 -5.602453 6.768685 17.76547 27.96889 42.91853 60.63637 80.40847
