examples/Data/Jakobshavn_2008_2011_Composite/grids/jakobshavn_2008_2011_composite_thickness.txt
ncols         740
nrows         360
xllcorner     -230000
yllcorner     -2350000
cellsize      500
NODATA_value  -9999
[rows 252 to 279 of 360, columns 0 to 63 of 740]
-9999 -9999 -9999 -9999 -9999 -9999 -9999 -9999 -9999 -9999 -9999 -9999 -9999 -9999 -9999 -9999 -9999 -9999 -9999 -9999 -9999 -9999 -9999 -9999 -9999 -9999 -9999 -9999 -9999 -9999 -9999 -9999 -9999 -9999 -9999 -9999 -9999 -9999 -9999 -9999 0 1.792915 22.43739 34.75966 20.66269 7.293045 1.259277 0 0 0 0 0 0.3647766 0.7723999 0.468689 0.7781372 0.488739 0.7817383 0.4772339 0.850769 0.4559937 0.5543518 0.6664124 12.24365
-9999 -9999 -9999 -9999 -9999 -9999 -9999 -9999 -9999 -9999 -9999 -9999 -9999 -9999 -9999 -9999 -9999 -9999 -9999 -9999 -9999 -9999 -9999 -9999 -9999 -9999 -9999 -9999 -9999 -9999 -9999 -9999 -9999 -9999 -9999 -9999 -9999 -9999 -9999 -9999 0 17.13301 34.65482 43.92491 30.10161 17.79465 9.187698 1.646393 0 0 0 0 0.2542725 1.133087 0.9710083 1.669525 1.078461 1.733704 1.126007 1.873901 1.054016 0.6116028 0 8.089996
-9999 -9999 -9999 -9999 -9999 -9999 -9999 -9999 -9999 -9999 -9999 -9999 -9999 -9999 -9999 -9999 -9999 -9999 -9999 -9999 -9999 -9999 -9999 -9999 -9999 -9999 -9999 -9999 -9999 -9999 -9999 -9999 -9999 -9999 -9999 -9999 -9999 -9999 -9999 -9999 11.16028 40.64059 63.72083 71.6477 56.40065 39.58896 27.55826 13.83376 4.460922 0 0 0 0.2102661 0.5974731 0.4574585 0.7830505 0.4812317 0.8347473 0.5310059 0.8733521 0.2588196 0 0 6.112732
-9999 -9999 -9999 -9999 -9999 -9999 -9999 -9999 -9999 -9999 -9999 -9999 -9999 -9999 -9999 -9999 -9999 -9999 -9999 -9999 -9999 -9999 -9999 -9999 -9999 -9999 -9999 -9999 -9999 -9999 -9999 -9999 -9999 -9999 -9999 -9999 -9999 -9999 -9999 -9999 28.37363 69.03907 105.0093 121.4698 110.0888 87.80698 64.06271 35.09348 13.58649 1.712372 0 0 0 0 1.024567 1.875366 1.103455 1.829285 1.192932 1.84671 0.8330688 0 0 6.10083
-9999 -9999 -9999 -9999 -9999 -9999 -9999 -9999 -9999 -9999 -9999 -9999 -9999 -9999 -9999 -9999 -9999 -9999 -9999 -9999 -9999 -9999 -9999 -9999 -9999 -9999 -9999 -9999 -9999 -9999 -9999 -9999 -9999 -9999 -9999 -9999 -9999 -9999 -9999 -9999 41.56932 98.47636 153.7847 182.6293 176.1817 149.1548 111.3365 62.70454 24.4454 3.600494 0.1453857 0 0 0 0.5921021 1.176453 0.4874268 0.8607483 0.5080261 0.8294678 0.3422546 0.3266602 1.680389 7.919006
-9999 -9999 -9999 -9999 -9999 -9999 -9999 -9999 -9999 -9999 -9999 -9999 -9999 -9999 -9999 -9999 -9999 -9999 -9999 -9999 -9999 -9999 -9999 -9999 -9999 -9999 -9999 -9999 -9999 -9999 -9999 -9999 -9999 -9999 -9999 -9999 -9999 -9999 -9999 -9999 52.993 123.3751 194.8746 239.7678 245.5296 219.8663 169.9582 106.0334 52.09874 16.51483 4.106323 0 0 0.4008789 1.623779 2.399628 1.117828 1.845642 1.171265 1.394714 0.7120667 2.114349 7.601135 21.1926
-9999 -9999 -9999 -9999 -9999 -9999 -9999 -9999 -9999 -9999 -9999 -9999 -9999 -9999 -9999 -9999 -9999 -9999 -9999 -9999 -9999 -9999 -9999 -9999 -9999 -9999 -9999 -9999 -9999 -9999 -9999 -9999 -9999 -9999 -9999 -9999 -9999 -9999 -9999 -9999 65.79051 147.9271 232.3517 290.3324 305.9948 283.1518 232.2987 166.7851 105.1463 50.19716 18.12158 3.504272 0.0005187988 0.8746338 1.048187 1.411682 0.4570313 0.8515015 0.7744141 1.611511 3.090271 8.126617 20.34848 41.62814
-9999 -9999 -9999 -9999 -9999 -9999 -9999 -9999 -9999 -9999 -9999 -9999 -9999 -9999 -9999 -9999 -9999 -9999 -9999 -9999 -9999 -9999 -9999 -9999 -9999 -9999 -9999 -9999 -9999 -9999 -9999 -9999 -9999 -9999 -9999 -9999 -9999 -9999 -9999 -9999 75.9582 163.7937 255.4815 324.8516 353.3127 339.0775 294.321 233.3838 166.5266 93.02122 38.59637 10.51904 2.424103 2.359375 1.452515 2.211945 1.108215 1.843597 1.904114 4.482758 8.382233 17.80557 36.40256 64.02011
-9999 -9999 -9999 -9999 -9999 -9999 -9999 -9999 -9999 -9999 -9999 -9999 -9999 -9999 -9999 -9999 -9999 -9999 -9999 -9999 0.8353729 1.361977 0.7989197 1.330582 0.7960052 1.29644 0.8197708 1.829399 0 0 0 0 0 0 0 0 0 0 9.473816 39.80623 97.72975 176.3086 259.1978 332.6656 376.2261 378.0306 345.7161 291.7547 224.0256 142.0661 72.13606 29.38043 10.82126 4.691559 1.864899 1.770752 0.9701233 0.8277283 2.451477 7.883636 15.9433 29.73212 53.12839 77.54114
-9999 -9999 -9999 -9999 -9999 -9999 -9999 -9999 -9999 -9999 -9999 -9999 -9999 -9999 -9999 -9999 -9999 -9999 -9999 -9999 1.63575 2.685196 1.745461 2.920731 1.936348 3.199127 1.28878 1.010826 0 0 0 0 0 0 0 0 0 19.38463 40.39627 67.43661 112.3194 176.0841 245.579 315.4277 370.051 393.7589 379.7855 332.907 265.2182 185.8379 115.0161 67.83258 40.31461 25.52777 16.24658 10.25504 5.916901 2.496277 6.055237 14.49506 26.49008 42.68094 66.69485 88.33984
-9999 -9999 -9999 -9999 -9999 -9999 -9999 -9999 -9999 -9999 -9999 -9999 -9999 -9999 -9999 -9999 -9999 -9999 -9999 -9999 0.6572876 1.177429 0.7747269 1.395256 0.8929596 1.766197 0.2745972 0 0 0 0 0 0 0 0 0 11.57259 52.42723 64.62155 80.19315 107.4027 154.9847 217.0355 290.9568 355.9871 397.1986 399.1309 366.4823 307.3546 238.1614 172.9088 124.2684 88.77594 65.24811 49.82114 37.33704 28.29999 20.80875 24.46765 33.0791 45.53061 60.51706 82.05414 99.85596
-9999 -9999 -9999 -9999 -9999 -9999 -9999 -9999 -9999 -9999 -9999 -9999 -9999 -9999 -9999 -9999 -9999 -9999 -9999 -9999 1.425095 2.423698 1.676903 2.919815 2.037643 2.906281 0.5026093 0 0 0 0 0 0 0 0 4.819153 52.12834 74.53108 66.28732 60.87643 70.42554 109.7629 173.9158 256.9632 336.4779 394.5057 414.0139 395.4042 348.0962 290.0273 232.9058 187.8034 151.0808 124.4999 105.2036 88.06018 74.07947 63.04803 63.89447 68.81827 77.05545 87.14297 102.2121 124.1463
-9999 -9999 -9999 -9999 -9999 -9999 -9999 -9999 -9999 -9999 -9999 -9999 -9999 -9999 -9999 -9999 -9999 -9999 -9999 -9999 0.654808 1.120956 0.7417908 1.330948 0.8850555 1.178711 0.6192932 0.1882935 0 0 0 0 0 0 0 37.63481 73.66292 68.52058 46.81683 31.17688 29.94232 59.24606 123.5893 216.1683 311.3524 387.4601 425.3696 422.3268 386.598 339.4894 291.7213 250.717 215.7028 190.8981 172.5352 156.2918 142.0844 131.5818 127.5955 125.1038 121.7368 122.0571 138.0977 162.3904
-9999 -9999 -9999 -9999 -9999 -9999 -9999 -9999 -9999 -9999 -9999 -9999 -9999 -9999 -9999 -9999 -9999 -9999 -9999 -9999 1.37027 2.293976 1.569641 2.694626 1.850281 2.502289 1.547424 2.485321 3.412506 0 0 0 0 0 14.73363 68.43571 81.89767 60.57361 37.78497 19.04587 10.04202 27.00348 81.8857 173.2894 281.8191 375.7322 435.7938 446.7846 423.8524 383.8572 343.6673 306.9955 278.5979 260.9045 248.1151 234.1762 220.1978 209.444 200.1155 188.8874 173.7403 168.2572 185.1352 210.7824
-9999 -9999 -9999 -9999 -9999 -9999 -9999 -9999 -9999 -9999 -9999 -9999 -9999 -9999 -9999 -9999 -9999 -9999 -9999 -9999 0.6144104 1.055435 0.693512 1.198166 0.7484741 1.425537 1.368362 3.255234 5.39563 8.071762 3.158127 0 0 3.547836 48.24751 89.64575 83.35539 63.19751 40.88425 19.944 6.573364 12.5712 58.72913 145.1429 256.5636 361.463 437.9588 467.2536 456.7867 423.34 389.4077 364.6119 348.3174 338.1398 324.7102 308.9796 293.9957 282.7106 268.5855 249.9153 223.9681 210.6682 229.9036 249.9446
-9999 -9999 -9999 -9999 -9999 -9999 -9999 -9999 -9999 -9999 -9999 -9999 -9999 -9999 -9999 -9999 -9999 -9999 -9999 -9999 1.230881 2.039642 1.357559 2.26384 1.488617 2.357529 1.18779 1.816422 2.483276 5.250763 7.270081 4.77684 3.304932 39.01097 75.64456 105.7155 92.43529 73.99277 51.77341 28.21671 11.9906 12.4473 54.07336 135.9443 246.3132 352.6263 437.0782 479.1709 481.1096 459.8071 440.1467 428.4588 418.1022 406.5425 391.4815 374.2522 354.8973 336.1992 315.1214 291.5102 263.5969 244.9012 261.1189 277.985
-9999 -9999 -9999 -9999 -9999 -9999 -9999 -9999 -9999 -9999 -9999 -9999 -9999 -9999 -9999 -9999 -9999 -9999 -9999 -9999 0.5290985 0.8761444 0.5595856 0.9444427 0.5943298 0.9788666 0.03381348 0 0.425415 3.245209 6.784027 10.12697 19.76715 57.54115 92.72705 116.8041 106.6802 91.03725 71.20386 48.5397 33.5961 35.72729 76.22449 152.2744 253.3347 352.6877 434.7009 482.6992 492.3318 491.467 487.1067 490.118 477.9034 462.3908 443.6813 426.3279 408.1947 384.8507 357.36 326.5861 296.0169 268.627 284.2133 301.275
-9999 -9999 -9999 -9999 -9999 -9999 -9999 -9999 -9999 -9999 -9999 -9999 -9999 -9999 -9999 -9999 -9999 -9999 -9999 -9999 1.134476 1.776489 1.094467 1.731171 1.08812 1.252701 0 0 0.1906586 4.206131 10.5341 17.35014 27.46138 64.9281 101.2398 130.0169 125.5194 115.0928 101.4228 85.51974 76.65332 84.49606 123.3985 191.0546 277.3807 363.6233 436.5062 482.3999 495.3124 513.6857 525.1525 536.0955 516.9319 496.4325 478.9537 461.9467 442.8047 418.7375 390.1012 357.8304 324.6884 293.3989 309.5211 328.0257
-9999 -9999 -9999 -9999 -9999 -9999 -9999 -9999 -9999 -9999 -9999 -9999 -9999 -9999 -9999 -9999 -9999 -9999 -9999 -9999 0.5479736 0.829895 0.4712982 0.7131805 0.4124603 0.1892853 0 0 2.236343 8.765274 18.0546 28.39035 39.28973 71.10826 107.7433 140.7826 148.4154 146.0095 141.2953 136.5093 137.3911 152.082 187.9939 244.309 313.2735 382.9453 442.8633 482.9139 502.5061 533.0569 550.6793 560.7765 538.2631 518.1975 498.0241 474.9106 448.925 426.3085 403.3031 378.4645 347.4561 318.0407 335.5944 355.7934
-9999 -9999 -9999 -9999 -9999 -9999 -9999 -9999 -9999 -9999 -9999 -9999 -9999 -9999 -9999 -9999 -9999 -9999 -9999 -9999 0.8596954 1.307175 0.7705383 1.179611 0.725174 0.7258301 0 0.4685364 4.323044 13.08565 25.09534 38.44641 52.34686 79.55592 120.4418 158.2709 178.6861 182.4557 185.7072 191.1258 200.9259 220.4386 253.4223 299.4944 353.5779 408.2115 460.7987 505.2335 535.667 564.8539 575.2195 575.6823 552.9028 529.8851 503.4821 468.6333 427.3292 402.2355 388.332 381.5152 361.6574 339.1695 359.2932 381.0267
-9999 -9999 -9999 -9999 -9999 -9999 -9999 -9999 -9999 -9999 -9999 -9999 -9999 -9999 -9999 -9999 -9999 -9999 -9999 -9999 0.2785034 0.437439 0.2672424 0.4308472 0.2763062 0.4878845 0 0.8433228 4.896896 14.88873 28.77467 44.73636 61.41164 91.18858 138.103 183.3619 213.7601 225.9891 237.8545 251.2119 267.5418 289.2855 319.3507 358.3083 404.7579 452.2751 500.3259 542.8162 574.7878 592.4314 594.3197 584.1985 563.5239 537.3552 506.8119 466.3568 419.08 389.4162 378.5902 380.7827 373.2262 358.8482 382.0256 405.3582
-9999 -9999 -9999 -9999 -9999 -9999 -9999 -9999 -9999 -9999 -9999 -9999 -9999 -9999 -9999 -9999 -9999 -9999 -9999 -9999 0.4150391 0.6233978 0.3686676 0.5694427 0.35672 0.5792694 0.06690979 0.3605652 4.030914 13.89865 29.45595 47.88692 68.17073 109.1825 163.1083 216.4013 249.1103 269.6788 290.1041 311.74 334.7953 359.8759 388.1943 420.9915 458.9474 498.2625 540.8924 581.1525 606.1314 609.553 596.6669 583.3286 567.1568 545.9361 517.2247 481.1205 441.0865 412.3472 399.0774 397.2067 391.0443 383.6439 407.8707 432.3577
-9999 -9999 -9999 -9999 -9999 -9999 -9999 -9999 -9999 -9999 -9999 -9999 -9999 -9999 -9999 -9999 -9999 -9999 -9999 -9999 0.1297607 0.1770477 0.09512329 0.1250153 0.08222961 0.09944153 0 0 3.290009 11.97739 26.56708 45.19917 70.25194 122.4962 183.1852 242.9488 280.0668 311.4925 341.4221 370.4861 398.8187 425.8089 451.8625 478.8031 509.0839 540.6503 572.5396 598.5137 610.4563 604.2158 586.9771 570.2389 559.0957 545.5272 527.4537 501.6411 475.5985 452.7382 436.1951 424.8821 413.7934 412.813 434.5653 457.1306
-9999 -9999 -9999 -9999 -9999 -9999 -9999 -9999 -9999 -9999 -9999 -9999 -9999 -9999 -9999 -9999 -9999 -9999 -9999 -9999 0.1777191 0.2127228 0.08703613 0.01875305 0 0 0 0 2.92334 8.836243 18.93594 35.61838 65.4171 126.0526 194.9216 261.2659 305.4556 346.2794 385.0172 421.4945 453.6977 481.3053 503.5337 522.4482 540.5122 558.8051 579.2639 598.1806 606.7485 598.9703 575.3197 551.7552 537.4307 531.0157 523.1285 509.2388 493.0883 477.4017 462.2565 448.8041 434.7914 441.1247 457.7501 475.0248
-9999 -9999 -9999 -9999 -9999 -9999 -9999 -9999 -9999 -9999 -9999 -9999 -9999 -9999 -9999 -9999 -9999 -9999 -9999 -9999 0.04559326 0.03292847 0 0 0 0 0 0 0.4761353 2.69165 8.738998 25.20979 58.10008 122.286 197.6094 271.5033 326.2029 376.9245 424.4799 465.9527 497.2903 519.1298 533.7223 543.2922 551.0688 558.5962 570.9868 587.137 597.3351 591.3763 565.2382 530.4496 508.0901 500.9131 501.8943 498.4669 491.0304 483.9323 474.6938 464.2445 458.2647 467.3837 478.109 480.4845
-9999 -9999 -9999 -9999 -9999 -9999 -9999 -9999 -9999 -9999 -9999 -9999 -9999 -9999 -9999 -9999 -9999 -9999 -9999 -9999 0.08703613 0.05030823 0 0 0 0 0 0 0 0 1.06665 16.46196 48.05684 111.0527 190.2674 271.9823 337.686 398.1805 454.4478 499.2313 523.8294 532.8324 535.1099 535.8588 536.6331 538.0869 546.27 562.8654 579.0882 579.1591 552.8737 509.818 474.5646 462.1795 465.9212 474.3375 478.9431 481.8831 480.3381 480.5528 483.3691 491.3331 492.4191 482.2336
-9999 -9999 -9999 -9999 -9999 -9999 -9999 -9999 -9999 -9999 -9999 -9999 -9999 -9999 -9999 -9999 -9999 -9999 -9999 -9999 0.0401001 0.01617432 0 0 0 0 0 0 0 0 0 11.20551 37.99068 92.34683 169.6745 254.9173 331.6569 398.6829 460.0498 504.529 519.5027 513.9059 504.3934 500.5052 500.1462 500.5794 507.3639 525.7162 551.6395 562.4533 539.1237 485.2764 435.1832 413.7048 423.4591 444.4812 463.8095 476.5972 487.382 499.7031 511.182 511.8602 504.3485 486.8467
-9999 -9999 -9999 -9999 -9999 -9999 -9999 -9999 -9999 -9999 -9999 -9999 -9999 -9999 -9999 -9999 -9999 -9999 -9999 -9999 0.07389832 0.08885193 0.02259827 0 0 0 0.04093933 0.4976501 0 0 0 5.714569 24.15253 65.28658 135.2551 219.8938 303.3899 373.8826 433.9162 474.8479 483.8287 471.2263 456.5046 452.652 455.5311 461.4411 473.5652 498.1832 531.3182 549.0425 525.1529 459.7832 391.6945 359.1294 376.3719 414.6547 449.1889 471.7924 492.2231 519.1092 533.2877 529.1907 512.3665 496.181
